代码,名称,最新价,IOPV实时估值,基金折价率,涨跌额,涨跌幅,成交量,成交额,开盘价,最高价,最低价,昨收,振幅,换手率,量比,委比,外盘,内盘,主力净流入-净额,主力净流入-净占比,超大单净流入-净额,超大单净流入-净占比,大单净流入-净额,大单净流入-净占比,中单净流入-净额,中单净流入-净占比,小单净流入-净额,小单净流入-净占比,现手,买一,卖一,最新份额,流通市值,总市值,数据日期,更新时间
563700,红利价值ETF易方达,1.082,1.0816,-0.04,0.023,2.17,113308.0,12162046.0,1.06,1.083,1.06,1.059,2.17,2.97,3.26,79.87,57166.0,56142.0,1141531.0,9.39,2298922.0,18.9,-1157391.0,-9.52,-581663.0,-4.78,-559868.0,-4.6,47.0,1.081,1.082,382150000.0,413486300,413486300,2026-08-24,2026-08-24 11:53:59+08:00
518860,上海金ETF建信,9.595,9.5725,-0.24,0.193,2.05,51585.0,49276446.0,9.55,9.6,9.494,9.402,1.13,1.1,1.89,1.26,26043.0,25542.0,-670556.0,-1.36,0.0,0.0,-670556.0,-1.36,1348460.0,2.74,-677904.0,-1.38,225.0,9.577,9.587,468459808.0,4494871858,4494871858,2026-08-24,2026-08-24 11:54:15+08:00
159937,黄金ETF博时,9.535,9.5412,0.06,0.177,1.89,747947.0,711341621.4,9.49,9.556,9.452,9.358,1.11,1.58,1.76,6.68,383217.0,364730.0,-29688694.0,-4.17,-20392406.0,-2.87,-9296288.0,-1.31,22020417.0,3.1,7668274.0,1.08,49.0,9.53,9.536,4732721920.0,45126503507,45126503507,2026-08-24,2026-08-24 11:54:06+08:00
159830,金ETF天弘,9.977,9.9781,0.01,0.184,1.88,99927.0,99561182.0,9.951,10.007,9.896,9.793,1.13,2.84,2.71,-0.79,46069.0,53858.0,-4877533.0,-4.9,-2311775.0,-2.32,-2565758.0,-2.58,4716514.0,4.74,161020.0,0.16,156.0,9.971,9.977,352414064.0,3516035117,3516035117,2026-08-24,2026-08-24 11:54:06+08:00
515220,煤炭ETF国泰,1.301,1.3027,0.13,0.024,1.88,4251260.0,552307984.0,1.28,1.314,1.279,1.277,2.74,3.85,1.51,24.45,2227014.0,2024245.0,61897910.0,11.21,50569345.0,9.16,11328565.0,2.05,-40089495.0,-7.26,-21808415.0,-3.95,-9275.0,1.301,1.303,11036676864.0,14358716600,14358716600,2026-08-24,2026-08-24 11:54:23+08:00
159831,金ETF嘉实,9.645,9.6521,0.07,0.175,1.85,179981.0,173297754.9,9.601,9.671,9.553,9.47,1.25,7.88,2.35,59.83,82811.0,97170.0,437591.0,0.25,-5979756.0,-3.45,6417347.0,3.7,-6629246.0,-3.83,6191654.0,3.57,199.0,9.634,9.646,228356243.0,2202495964,2202495964,2026-08-24,2026-08-24 11:54:18+08:00
518890,上海金ETF中银,9.571,9.5729,0.02,0.173,1.84,63867.0,60966505.0,9.51,9.597,9.466,9.398,1.39,1.67,1.77,33.33,35942.0,27925.0,-2078481.0,-3.41,2089553.0,3.43,-4168034.0,-6.84,1957199.0,3.21,121282.0,0.2,60.0,9.566,9.578,382454800.0,3660474891,3660474891,2026-08-24,2026-08-24 11:54:18+08:00
518850,黄金ETF华夏,9.653,9.6516,-0.01,0.173,1.82,605163.0,582958266.0,9.592,9.68,9.575,9.48,1.11,3.27,2.27,-6.12,300345.0,304818.0,-46096894.0,-7.91,-26218847.0,-4.5,-19878047.0,-3.41,33090300.0,5.68,13006586.0,2.23,152.0,9.65,9.651,1852878704.0,17885838130,17885838130,2026-08-24,2026-08-24 11:54:02+08:00
518660,黄金ETF工银,9.585,9.5872,0.02,0.17,1.81,256793.0,245632189.0,9.53,9.612,9.51,9.415,1.08,2.69,1.69,43.86,121675.0,135118.0,-14202519.0,-5.78,-11472973.0,-4.67,-2729546.0,-1.11,12400616.0,5.05,1801903.0,0.73,294.0,9.584,9.586,954152704.0,9145553668,9145553668,2026-08-24,2026-08-24 11:53:55+08:00
518800,黄金ETF国泰,10.016,10.0099,-0.06,0.178,1.81,583378.0,583189574.0,9.989,10.045,9.939,9.838,1.08,1.58,1.5,-18.34,284840.0,298537.0,-17750029.0,-3.04,-16655405.0,-2.86,-1094624.0,-0.19,8010304.0,1.37,9739732.0,1.67,566.0,10.014,10.016,3697279200.0,37031948467,37031948467,2026-08-24,2026-08-24 11:53:57+08:00
518600,金ETF广发,9.953,9.9502,-0.03,0.177,1.81,337190.0,335121794.0,9.895,9.982,9.877,9.776,1.07,4.27,2.01,-1.88,165280.0,171910.0,-21980619.0,-6.56,1906439.0,0.57,-23887058.0,-7.13,10328496.0,3.08,11652122.0,3.48,-5.0,9.953,9.957,789616304.0,7859051074,7859051074,2026-08-24,2026-08-24 11:54:13+08:00
159812,黄金ETF前海开源,9.514,9.5266,0.13,0.169,1.81,37445.0,35548852.3,9.445,9.541,9.44,9.345,1.08,2.3,2.08,-68.83,16580.0,20865.0,-62250.0,-0.18,-1488639.0,-4.19,1426389.0,4.01,-462938.0,-1.3,525188.0,1.48,48.0,9.495,9.501,162913149.0,1549955700,1549955700,2026-08-24,2026-08-24 11:54:12+08:00
520870,巴西ETF易方达,1.067,1.059,-0.76,0.019,1.81,743004.0,79254235.0,1.06,1.071,1.06,1.048,1.05,14.61,3.72,-38.68,375400.0,367604.0,2985973.0,3.77,-3340363.0,-4.21,6326336.0,7.98,-986804.0,-1.25,-1999169.0,-2.52,-1.0,1.067,1.068,508477200.0,542545172,542545172,2026-08-24,2026-08-24 11:54:16+08:00
159934,黄金ETF易方达,9.982,9.9819,0.0,0.176,1.79,1193989.0,1189248300.267,9.914,10.011,9.902,9.806,1.11,3.09,2.32,-2.11,551817.0,642172.0,-71200770.0,-5.99,-9728018.0,-0.82,-61472752.0,-5.17,41709296.0,3.51,29491463.0,2.48,17.0,9.981,9.982,3866908992.0,38599485558,38599485558,2026-08-24,2026-08-24 11:54:30+08:00
518880,黄金ETF华安,9.556,9.5572,0.01,0.168,1.79,5692959.0,5427783363.0,9.488,9.582,9.48,9.388,1.09,4.94,2.21,-33.66,2815250.0,2877709.0,-372536944.0,-6.86,-464827936.0,-8.56,92290992.0,1.7,268721696.0,4.95,103815248.0,1.91,206.0,9.557,9.558,11516840704.0,110054929767,110054929767,2026-08-24,2026-08-24 11:54:10+08:00
518680,金ETF富国,10.004,9.9998,-0.04,0.175,1.78,651982.0,651017842.0,9.955,10.032,9.921,9.829,1.13,8.14,7.34,11.01,413272.0,238710.0,-36593590.0,-5.62,42445466.0,6.52,-79039056.0,-12.14,13573041.0,2.08,23020539.0,3.54,9.0,10.001,10.005,801069504.0,8013899318,8013899318,2026-08-24,2026-08-24 11:53:57+08:00
159834,金ETF南方,9.981,9.9813,0.0,0.175,1.78,262160.0,261059427.5,9.958,10.008,9.9,9.806,1.1,11.85,3.14,-0.74,128667.0,133493.0,-9098030.0,-3.49,-5684272.0,-2.18,-3413758.0,-1.31,3628034.0,1.39,5469997.0,2.1,1.0,9.981,9.984,221161376.0,2207411694,2207411694,2026-08-24,2026-08-24 11:53:36+08:00
159100,巴西ETF华夏,1.07,1.0621,-0.74,0.018,1.71,456482.0,48857240.7,1.063,1.075,1.062,1.052,1.24,9.75,3.51,-35.92,225074.0,231408.0,5161227.0,10.56,2672521.0,5.47,2488706.0,5.09,-1094207.0,-2.24,-4067021.0,-8.32,45.0,1.069,1.07,468046928.0,500810213,500810213,2026-08-24,2026-08-24 11:53:45+08:00
512070,证券保险ETF易方达,0.791,0.7902,-0.1,0.013,1.67,4538199.0,357102894.0,0.778,0.793,0.777,0.778,2.06,2.65,1.24,52.28,2695828.0,1842371.0,53517074.0,14.99,59563087.0,16.68,-6046013.0,-1.69,-35024170.0,-9.81,-18492904.0,-5.18,141.0,0.79,0.791,17112479744.0,13535971478,13535971478,2026-08-24,2026-08-24 11:54:10+08:00
510650,金融地产ETF华夏,2.916,2.9179,0.07,0.047,1.64,530.0,153904.0,2.875,2.917,2.875,2.869,1.46,0.44,0.19,68.53,272.0,258.0,10708.0,6.96,0.0,0.0,10708.0,6.96,34011.0,22.1,-44719.0,-29.06,20.0,2.915,2.917,11952500.0,34853490,34853490,2026-08-24,2026-08-24 11:54:02+08:00
512530,沪深300红利ETF建信,1.653,1.6536,0.04,0.026,1.6,19568.0,3217708.0,1.628,1.653,1.627,1.627,1.6,2.01,0.67,4.7,11101.0,8467.0,486337.0,15.11,0.0,0.0,486337.0,15.11,-408088.0,-12.68,-78248.0,-2.43,70.0,1.651,1.652,97502000.0,161170806,161170806,2026-08-24,2026-08-24 11:54:10+08:00
510880,红利ETF华泰柏瑞,3.44,3.4371,-0.08,0.053,1.56,1828094.0,626134693.0,3.388,3.447,3.388,3.387,1.74,3.06,2.32,-32.64,1197104.0,630989.0,184227462.0,29.42,165640649.0,26.45,18586813.0,2.97,-93921130.0,-15.0,-90306333.0,-14.42,71.0,3.437,3.44,5971675648.0,20542564229,20542564229,2026-08-24,2026-08-24 11:54:17+08:00
159253,银行ETF博时,0.989,0.9895,0.05,0.015,1.54,54658.0,5368848.47,0.972,0.989,0.97,0.974,1.95,1.0,1.35,-12.3,31530.0,23128.0,512675.0,9.55,758507.0,14.13,-245832.0,-4.58,-448048.0,-8.35,-64627.0,-1.2,-310.0,0.989,0.99,547104976.0,541086821,541086821,2026-08-24,2026-08-24 11:54:09+08:00
510030,价值ETF华宝,1.068,1.0688,0.07,0.016,1.52,18706.0,1989032.0,1.054,1.068,1.054,1.052,1.33,1.25,1.48,-9.71,10147.0,8559.0,113859.0,5.72,0.0,0.0,113859.0,5.72,-98270.0,-4.94,-15589.0,-0.78,1.0,1.067,1.068,149229800.0,159377426,159377426,2026-08-24,2026-08-24 11:54:04+08:00
159887,银行ETF富国,1.354,1.3546,0.04,0.02,1.5,581609.0,78218398.193,1.331,1.354,1.329,1.334,1.87,9.59,1.22,7.53,363663.0,217946.0,3076189.0,3.93,7631195.0,9.76,-4555006.0,-5.82,1258498.0,1.61,-4334687.0,-5.54,1924.0,1.353,1.354,606615952.0,821357999,821357999,2026-08-24,2026-08-24 11:53:57+08:00
520610,港股红利低波ETF银华,0.962,0.9507,-1.19,0.014,1.48,145236.0,13840375.0,0.952,0.963,0.948,0.948,1.58,4.41,5.53,47.42,105494.0,39742.0,-4898270.0,-35.39,1249895.0,9.03,-6148165.0,-44.42,2169707.0,15.68,2728563.0,19.71,149.0,0.962,0.963,328963008.0,316462414,316462414,2026-08-24,2026-08-24 11:54:09+08:00
512800,银行ETF华宝,0.827,0.8277,0.08,0.012,1.47,6758728.0,556297190.0,0.815,0.828,0.813,0.815,1.84,5.37,1.1,8.4,4263411.0,2495317.0,14215047.0,2.56,4635312.0,0.83,9579735.0,1.72,-7164560.0,-1.29,-7050489.0,-1.27,-23.0,0.827,0.828,12583479808.0,10406537801,10406537801,2026-08-24,2026-08-24 11:54:25+08:00
560020,红利ETF汇添富,1.137,1.1355,-0.13,0.016,1.43,25510.0,2887110.0,1.12,1.138,1.12,1.121,1.61,1.88,1.91,3.62,16431.0,9079.0,292051.0,10.12,482614.0,16.72,-190563.0,-6.6,-235863.0,-8.17,-56188.0,-1.95,100.0,1.136,1.137,135562000.0,154133994,154133994,2026-08-24,2026-08-24 11:53:55+08:00
515020,银行ETF华夏,1.773,1.7729,-0.01,0.025,1.43,569095.0,100367855.0,1.742,1.774,1.742,1.748,1.83,13.95,1.27,27.79,336420.0,232675.0,5824075.0,5.8,3947294.0,3.93,1876781.0,1.87,-4977280.0,-4.96,-846794.0,-0.84,-2.0,1.773,1.774,407845296.0,723109710,723109710,2026-08-24,2026-08-24 11:54:06+08:00
510230,金融ETF国泰,1.322,1.3236,0.12,0.018,1.38,358866.0,47211752.0,1.306,1.323,1.3,1.304,1.76,5.79,1.17,-0.71,234598.0,124268.0,4860008.0,10.29,1592161.0,3.37,3267847.0,6.92,-1503638.0,-3.18,-3356370.0,-7.11,-114.0,1.322,1.323,619808000.0,819386176,819386176,2026-08-24,2026-08-24 11:54:24+08:00
512730,银行ETF鹏华,1.696,1.6976,0.09,0.023,1.37,18848.0,3174394.0,1.667,1.697,1.653,1.673,2.63,3.45,1.0,38.71,7998.0,10850.0,668420.0,21.06,1019069.0,32.1,-350649.0,-11.05,-275343.0,-8.67,-393077.0,-12.38,3.0,1.695,1.697,54583900.0,92574294,92574294,2026-08-24,2026-08-24 11:54:21+08:00
516210,银行ETF华安,1.41,1.4111,0.08,0.019,1.37,36050.0,5053230.0,1.391,1.411,1.384,1.391,1.94,4.43,0.77,37.53,18206.0,17844.0,375080.0,7.42,660758.0,13.08,-285678.0,-5.65,-149950.0,-2.97,-225130.0,-4.46,2.0,1.408,1.411,81431000.0,114817710,114817710,2026-08-24,2026-08-24 11:54:02+08:00
530880,红利国企ETF银河,1.135,1.1329,-0.19,0.015,1.34,7824.0,884388.0,1.12,1.136,1.119,1.12,1.52,2.04,1.53,47.67,5290.0,2534.0,127294.0,14.39,0.0,0.0,127294.0,14.39,-3993.0,-0.45,-123301.0,-13.94,-9.0,1.13,1.137,38336000.0,43511360,43511360,2026-08-24,2026-08-24 11:53:56+08:00
512700,银行ETF南方,1.527,1.527,0.0,0.02,1.33,536643.0,81499757.0,1.501,1.528,1.501,1.507,1.79,8.0,1.44,54.96,304686.0,231957.0,2863090.0,3.51,-556084.0,-0.68,3419174.0,4.2,-393695.0,-0.48,-2469395.0,-3.03,-26.0,1.527,1.528,670581008.0,1023977199,1023977199,2026-08-24,2026-08-24 11:54:01+08:00
516310,银行ETF易方达,1.371,1.3709,-0.01,0.018,1.33,765701.0,104353758.0,1.351,1.371,1.347,1.353,1.77,4.55,0.95,55.6,504745.0,260956.0,12614741.0,12.09,-8594209.0,-8.24,21208950.0,20.32,-9001378.0,-8.63,-3613363.0,-3.46,10.0,1.37,1.371,1684458496.0,2309392598,2309392598,2026-08-24,2026-08-24 11:54:21+08:00
510720,红利国企ETF国泰,1.077,1.0767,-0.03,0.014,1.32,1118753.0,120051577.0,1.063,1.081,1.063,1.063,1.69,6.42,1.84,-58.11,822410.0,296343.0,35256387.0,29.37,40093799.0,33.4,-4837412.0,-4.03,-19486062.0,-16.23,-15770325.0,-13.14,12.0,1.076,1.077,1741766000.0,1875881982,1875881982,2026-08-24,2026-08-24 11:54:25+08:00
515290,银行ETF天弘,1.486,1.487,0.07,0.019,1.3,312430.0,46190938.0,1.46,1.488,1.46,1.467,1.91,1.17,0.88,71.79,144901.0,167529.0,11604518.0,25.12,7521365.0,16.28,4083153.0,8.84,-10672997.0,-23.11,-931520.0,-2.02,-1.0,1.486,1.487,2667472896.0,3963864723,3963864723,2026-08-24,2026-08-24 11:54:24+08:00
159502,标普生物科技ETF嘉实,1.666,1.6586,-0.45,0.021,1.28,1056055.0,175445124.9,1.656,1.671,1.651,1.645,1.22,9.44,1.27,6.45,553166.0,502889.0,5284750.0,3.01,-2711312.0,-1.55,7996062.0,4.56,-13901547.0,-7.92,8616795.0,4.91,-118.0,1.666,1.667,1118323024.0,1863126158,1863126158,2026-08-24,2026-08-24 11:54:15+08:00
159518,标普油气ETF嘉实,1.279,1.2793,0.02,0.016,1.27,1716706.0,218291623.3,1.263,1.281,1.26,1.263,1.66,10.34,1.05,-37.24,1098908.0,617798.0,9005245.0,4.13,5153160.0,2.36,3852085.0,1.76,-5697571.0,-2.61,-3307673.0,-1.52,1343.0,1.278,1.279,1660325376.0,2123556156,2123556156,2026-08-24,2026-08-24 11:54:15+08:00
159589,红利ETF广发,1.115,1.1156,0.05,0.014,1.27,50644.0,5629173.9,1.101,1.118,1.101,1.101,1.54,2.08,0.94,-33.19,32882.0,17762.0,702073.0,12.47,-325899.0,-5.79,1027972.0,18.26,-99421.0,-1.77,-602653.0,-10.71,-1.0,1.114,1.116,243590005.0,271602856,271602856,2026-08-24,2026-08-24 11:53:48+08:00
515180,红利ETF易方达,1.451,1.4512,0.01,0.018,1.26,1996279.0,289030805.0,1.43,1.455,1.43,1.433,1.74,1.57,2.02,-29.27,1229209.0,767070.0,49745430.0,17.21,72555190.0,25.1,-22809760.0,-7.89,-22745389.0,-7.87,-27000042.0,-9.34,432.0,1.45,1.451,12748636928.0,18498272183,18498272183,2026-08-24,2026-08-24 11:54:14+08:00
159332,央企红利ETF富国,1.229,1.229,0.0,0.015,1.24,13219.0,1620480.356,1.22,1.229,1.216,1.214,1.07,1.48,1.89,30.59,5344.0,7875.0,292504.0,18.05,553155.0,34.14,-260651.0,-16.08,-114100.0,-7.04,-178405.0,-11.01,38.0,1.226,1.23,89521477.0,110021895,110021895,2026-08-24,2026-08-24 11:54:39+08:00
512640,金融地产ETF嘉实,2.384,2.3852,0.05,0.029,1.23,3480.0,826831.0,2.355,2.39,2.344,2.355,1.95,1.72,0.61,90.16,194.0,3286.0,-39912.0,-4.83,0.0,0.0,-39912.0,-4.83,45625.0,5.52,-5713.0,-0.69,900.0,2.366,2.39,20240900.0,48254306,48254306,2026-08-24,2026-08-24 11:54:18+08:00
560670,银行ETF华泰柏瑞,1.07,1.0711,0.1,0.013,1.23,88794.0,9457212.0,1.053,1.071,1.051,1.057,1.89,15.59,0.97,-46.71,46224.0,42570.0,595157.0,6.29,574666.0,6.08,20491.0,0.22,-306403.0,-3.24,-288755.0,-3.05,-9.0,1.07,1.071,56974000.0,60962180,60962180,2026-08-24,2026-08-24 11:54:16+08:00
159985,豆粕ETF华夏,2.189,2.1363,-2.47,0.026,1.2,735753.0,160468030.5,2.168,2.191,2.168,2.163,1.06,4.73,0.82,-21.2,463924.0,271829.0,-7341320.0,-4.57,1961629.0,1.22,-9302949.0,-5.8,11845912.0,7.38,-4504592.0,-2.81,2.0,2.188,2.189,1554724064.0,3403290976,3403290976,2026-08-24,2026-08-24 11:54:15+08:00
515080,中证红利ETF招商,1.601,1.6016,0.04,0.019,1.2,2522068.0,402751552.0,1.582,1.605,1.58,1.582,1.58,3.5,2.17,19.28,1623734.0,898334.0,114910790.0,28.53,141004319.0,35.01,-26093529.0,-6.48,-69537137.0,-17.27,-45373653.0,-11.27,5.0,1.6,1.601,7216148992.0,11553054536,11553054536,2026-08-24,2026-08-24 11:54:22+08:00
561060,国企红利ETF华安,1.176,1.1762,0.02,0.014,1.2,1769.0,206736.0,1.162,1.178,1.157,1.162,1.81,0.32,0.31,-7.01,611.0,1158.0,89139.0,43.12,0.0,0.0,89139.0,43.12,2933.0,1.42,-92072.0,-44.54,-231.0,1.174,1.178,54565000.0,64168440,64168440,2026-08-24,2026-08-24 11:54:18+08:00
159933,金融地产ETF国投瑞银,2.898,2.9075,0.33,0.034,1.19,354.0,102412.5,2.868,2.901,2.868,2.864,1.15,0.1,0.56,85.09,183.0,171.0,-90318.0,-88.19,0.0,0.0,-90318.0,-88.19,9216.0,9.0,81101.0,79.19,-100.0,2.869,2.903,36378943.0,105426177,105426177,2026-08-24,2026-08-24 11:53:57+08:00
512820,银行ETF汇添富,1.452,1.4537,0.12,0.017,1.18,551572.0,79794698.0,1.429,1.454,1.428,1.435,1.81,13.25,1.22,69.52,364845.0,186727.0,2467524.0,3.09,-2143885.0,-2.69,4611409.0,5.78,-81953.0,-0.1,-2385572.0,-2.99,-30.0,1.451,1.454,416201904.0,604325165,604325165,2026-08-24,2026-08-24 11:53:58+08:00
513290,纳指生物科技ETF汇添富,1.825,1.7796,-2.55,0.021,1.16,1321980.0,239514075.0,1.81,1.838,1.796,1.804,2.33,12.82,1.75,-36.11,612437.0,709543.0,14524545.0,6.06,-53945.0,-0.02,14578490.0,6.09,-2342393.0,-0.98,-12182152.0,-5.09,721.0,1.825,1.826,1031072096.0,1881706575,1881706575,2026-08-24,2026-08-24 11:54:19+08:00
515890,红利ETF博时,1.492,1.493,0.07,0.017,1.15,28906.0,4301881.0,1.476,1.495,1.476,1.475,1.29,0.83,1.66,-6.12,18545.0,10361.0,-498531.0,-11.59,276174.0,6.42,-774705.0,-18.01,805858.0,18.73,-307327.0,-7.14,1.0,1.49,1.492,348443904.0,519878305,519878305,2026-08-24,2026-08-24 11:54:06+08:00
159033,粮食ETF国泰,0.965,0.9654,0.04,0.011,1.15,217500.0,20947793.734,0.95,0.975,0.948,0.954,2.83,16.56,0.96,-4.59,112232.0,105268.0,257329.0,1.23,-881639.0,-4.21,1138968.0,5.44,-175900.0,-0.84,-81429.0,-0.39,1000.0,0.965,0.966,131323473.0,126727151,126727151,2026-08-24,2026-08-24 11:54:30+08:00
159931,金融地产ETF汇添富,1.863,1.8634,0.02,0.021,1.14,708.0,130763.1,1.835,1.863,1.835,1.842,1.52,0.4,1.45,-65.12,105.0,603.0,87220.0,66.7,0.0,0.0,87220.0,66.7,-72974.0,-55.81,-14247.0,-10.9,27.0,1.858,1.866,17828511.0,33214516,33214516,2026-08-24,2026-08-24 11:54:09+08:00
159587,粮食ETF广发,1.169,1.1693,0.03,0.013,1.12,435393.0,50749699.8,1.15,1.181,1.148,1.156,2.85,16.91,1.07,29.52,253859.0,181534.0,1177459.0,2.32,388278.0,0.77,789181.0,1.56,-393494.0,-0.78,-783966.0,-1.54,160.0,1.167,1.169,257447031.0,300955579,300955579,2026-08-24,2026-08-24 11:53:42+08:00
515210,钢铁ETF国泰,1.174,1.1725,-0.13,0.013,1.12,496623.0,58275253.0,1.159,1.178,1.159,1.161,1.64,5.35,1.95,-5.32,263203.0,233420.0,3212015.0,5.51,12246113.0,21.01,-9034098.0,-15.5,-1361752.0,-2.34,-1850264.0,-3.18,8.0,1.173,1.174,928226096.0,1089737437,1089737437,2026-08-24,2026-08-24 11:54:11+08:00
159698,粮食ETF鹏华,0.907,0.906,-0.11,0.01,1.11,938050.0,84750297.5,0.892,0.916,0.891,0.897,2.79,6.49,0.82,47.64,541021.0,397029.0,-1195994.0,-1.41,-5510749.0,-6.5,4314755.0,5.09,259141.0,0.31,936854.0,1.11,33.0,0.906,0.907,1444444384.0,1310111056,1310111056,2026-08-24,2026-08-24 11:53:48+08:00
159329,沙特ETF南方,0.918,0.9077,-1.13,0.01,1.1,266748.0,24439330.8,0.913,0.919,0.912,0.908,0.77,2.24,2.36,12.32,197523.0,69225.0,6547842.0,26.79,983828.0,4.03,5564014.0,22.77,-4217119.0,-17.26,-2330723.0,-9.54,-400.0,0.917,0.919,1192689184.0,1094888671,1094888671,2026-08-24,2026-08-24 11:53:42+08:00
512410,银行ETF广发,1.103,1.1038,0.07,0.012,1.1,103215.0,11316375.0,1.085,1.103,1.082,1.091,1.92,17.84,0.9,66.49,53178.0,50037.0,2296047.0,20.29,1562496.0,13.81,733551.0,6.48,-2166913.0,-19.15,-129134.0,-1.14,1.0,1.102,1.103,57871700.0,63832485,63832485,2026-08-24,2026-08-24 11:54:02+08:00
159063,粮食ETF南方,1.016,1.0178,0.18,0.011,1.09,182584.0,18556524.912,1.0,1.028,0.999,1.005,2.89,30.95,1.43,97.95,80224.0,102360.0,602548.0,3.25,-2629012.0,-14.17,3231560.0,17.41,-389889.0,-2.1,-212659.0,-1.15,-388.0,1.016,1.018,58986647.0,59930433,59930433,2026-08-24,2026-08-24 11:54:39+08:00
159315,黄金股ETF工银,1.873,1.8627,-0.55,0.02,1.08,241709.0,45475769.0,1.878,1.929,1.847,1.853,4.43,13.31,2.44,31.3,113060.0,128649.0,-4424732.0,-9.73,-1442238.0,-3.17,-2982494.0,-6.56,-1229859.0,-2.7,5654591.0,12.43,27.0,1.87,1.876,181589621.0,340117360,340117360,2026-08-24,2026-08-24 11:54:27+08:00
159030,粮食ETF华夏,0.851,0.8517,0.08,0.009,1.07,191714.0,16253722.496,0.838,0.861,0.836,0.842,2.97,5.4,0.74,63.17,109664.0,82050.0,174480.0,1.07,-2065868.0,-12.71,2240348.0,13.78,258622.0,1.59,-433101.0,-2.66,333.0,0.851,0.852,354968176.0,302077918,302077918,2026-08-24,2026-08-24 11:54:24+08:00
513350,标普油气ETF富国,1.35,1.3423,-0.57,0.014,1.05,3454779.0,463716738.0,1.331,1.352,1.326,1.336,1.95,41.24,0.93,23.17,1964977.0,1489802.0,24054157.0,5.19,21194591.0,4.57,2859566.0,0.62,-18070942.0,-3.9,-5983216.0,-1.29,-196.0,1.35,1.351,837746000.0,1130957100,1130957100,2026-08-24,2026-08-24 11:54:06+08:00
563890,国企红利ETF创金合信,1.072,1.0736,0.15,0.011,1.04,675.0,72365.0,1.067,1.074,1.067,1.061,0.66,0.3,0.29,-99.15,526.0,149.0,56384.0,77.92,0.0,0.0,56384.0,77.92,-26775.0,-37.0,-29608.0,-40.91,-91.0,1.067,1.074,22836000.0,24480192,24480192,2026-08-24,2026-08-24 11:54:07+08:00
512750,基本面50ETF嘉实,1.453,1.4527,-0.02,0.015,1.04,15072.0,2182450.0,1.437,1.453,1.437,1.438,1.11,3.24,1.44,50.0,5670.0,9402.0,-49459.0,-2.27,0.0,0.0,-49459.0,-2.27,0.0,0.0,49459.0,2.27,139.0,1.452,1.453,46554900.0,67644270,67644270,2026-08-24,2026-08-24 11:54:03+08:00
563020,红利低波ETF易方达,1.18,1.1805,0.04,0.012,1.03,1963919.0,231089344.0,1.165,1.182,1.164,1.168,1.54,1.8,1.64,-3.12,1029222.0,934697.0,54336627.0,23.51,68703221.0,29.73,-14366594.0,-6.22,-42587041.0,-18.43,-11749585.0,-5.08,-1277.0,1.179,1.18,10926909952.0,12893753743,12893753743,2026-08-24,2026-08-24 11:53:56+08:00
159581,红利ETF万家,1.079,1.0816,0.24,0.011,1.03,224943.0,24244433.5,1.067,1.083,1.067,1.068,1.5,1.74,2.24,-81.96,136553.0,88390.0,5116815.0,21.11,5870257.0,24.21,-753442.0,-3.11,-2426812.0,-10.01,-2690005.0,-11.1,-1.0,1.079,1.081,1295225712.0,1397548543,1397548543,2026-08-24,2026-08-24 11:54:30+08:00
515300,300红利低波ETF嘉实,1.304,1.3051,0.08,0.013,1.01,415375.0,54057097.0,1.29,1.306,1.287,1.291,1.47,1.22,0.97,-18.28,196844.0,218531.0,8050894.0,14.89,5874259.0,10.87,2176635.0,4.03,-8391265.0,-15.52,340372.0,0.63,-2.0,1.304,1.305,3400175200.0,4433828461,4433828461,2026-08-24,2026-08-24 11:54:04+08:00
159515,国企红利ETF鹏扬,1.21,1.2108,0.07,0.012,1.0,5853.0,706790.3,1.199,1.212,1.199,1.198,1.09,1.75,0.76,59.14,2475.0,3378.0,80005.0,11.32,7194.0,1.02,72811.0,10.3,6140.0,0.87,-86145.0,-12.19,80.0,1.205,1.211,33386631.0,40397824,40397824,2026-08-24,2026-08-24 11:54:12+08:00
159547,红利低波ETF华夏,1.215,1.2152,0.02,0.012,1.0,695212.0,84172450.2,1.199,1.216,1.197,1.203,1.58,5.45,1.19,-76.31,384795.0,310417.0,1895027.0,2.25,6512647.0,7.74,-4617620.0,-5.49,-2282741.0,-2.71,387714.0,0.46,45.0,1.214,1.215,1275286080.0,1549472587,1549472587,2026-08-24,2026-08-24 11:54:12+08:00
159079,价值ETF兴全,1.006,1.0062,0.02,0.01,1.0,62846.0,6310881.712,0.996,1.007,0.995,0.996,1.2,5.78,1.84,-83.44,36619.0,26226.0,1600007.0,25.35,1194406.0,18.93,405601.0,6.43,-1332502.0,-21.11,-267505.0,-4.24,930.0,0.996,1.006,108806830.0,109459671,109459671,2026-08-24,2026-08-24 11:54:03+08:00
159038,粮食ETF易方达,0.912,0.9117,-0.03,0.009,1.0,181020.0,16468730.675,0.903,0.922,0.897,0.903,2.77,8.7,0.7,25.15,101695.0,79325.0,26116.0,0.16,1199217.0,7.28,-1173101.0,-7.12,149627.0,0.91,-175743.0,-1.07,-131.0,0.913,0.914,208026939.0,189720568,189720568,2026-08-24,2026-08-24 11:54:36+08:00
159391,大盘价值ETF博时,1.111,1.1129,0.17,0.011,1.0,320.0,35508.2,1.105,1.112,1.105,1.1,0.64,0.04,0.05,98.5,257.0,63.0,-19119.0,-53.84,0.0,0.0,-19119.0,-53.84,22220.0,62.58,-3101.0,-8.73,200.0,1.1,1.113,85076398.0,94519878,94519878,2026-08-24,2026-08-24 11:54:33+08:00
159940,金融地产ETF广发,1.209,1.2126,0.3,0.012,1.0,10128.0,1220209.8,1.197,1.213,1.197,1.197,1.34,0.35,2.09,-53.7,7218.0,2910.0,289736.0,23.74,2759.0,0.23,286977.0,23.52,-132706.0,-10.88,-157030.0,-12.87,-2.0,1.208,1.212,287059984.0,347055521,347055521,2026-08-24,2026-08-24 11:53:45+08:00
159021,大盘价值ETF华夏,1.009,1.0097,0.07,0.01,1.0,22000.0,2212573.153,0.995,1.009,0.995,0.999,1.4,2.27,1.69,-55.38,10823.0,11177.0,-797.0,-0.04,0.0,0.0,-797.0,-0.04,-517647.0,-23.4,518445.0,23.43,261.0,1.008,1.009,96907712.0,97779881,97779881,2026-08-24,2026-08-24 11:54:18+08:00
159321,黄金股ETF华安,1.755,1.7429,-0.69,0.017,0.98,551745.0,97448141.8,1.761,1.809,1.728,1.738,4.66,14.19,2.48,-67.23,256170.0,295575.0,-9783672.0,-10.04,1028842.0,1.06,-10812514.0,-11.1,-594691.0,-0.61,10378364.0,10.65,1.0,1.755,1.756,388900400.0,682520202,682520202,2026-08-24,2026-08-24 11:54:30+08:00
561580,央企红利ETF华泰柏瑞,1.254,1.2558,0.14,0.012,0.97,541815.0,67810712.0,1.239,1.257,1.239,1.242,1.45,2.68,1.68,-73.78,377435.0,164380.0,23632544.0,34.85,18396543.0,27.13,5236001.0,7.72,-13168870.0,-19.42,-10463674.0,-15.43,-99.0,1.254,1.255,2025370704.0,2539814863,2539814863,2026-08-24,2026-08-24 11:53:57+08:00
159085,价值ETF永赢,1.04,1.0399,-0.01,0.01,0.97,2224.0,230673.42,1.03,1.04,1.03,1.03,0.97,0.64,0.18,36.84,1720.0,504.0,74408.0,32.26,0.0,0.0,74408.0,32.26,-30591.0,-13.26,-43816.0,-18.99,-10.0,1.037,1.04,34535454.0,35916872,35916872,2026-08-24,2026-08-24 11:54:00+08:00
159031,粮食ETF博时,0.945,0.9451,0.01,0.009,0.96,34213.0,3221260.968,0.935,0.954,0.926,0.936,2.99,0.62,0.43,9.9,13620.0,20593.0,27554.0,0.86,904312.0,28.07,-876758.0,-27.22,-3897.0,-0.12,-23657.0,-0.73,27.0,0.945,0.947,552028624.0,521667050,521667050,2026-08-24,2026-08-24 11:54:15+08:00
159263,价值ETF易方达,1.154,1.1529,-0.1,0.011,0.96,1511348.0,173771531.495,1.141,1.156,1.14,1.143,1.4,2.52,1.41,7.09,858053.0,653295.0,25759337.0,14.82,40349941.0,23.22,-14590604.0,-8.4,-21337572.0,-12.28,-4421766.0,-2.54,34.0,1.152,1.154,5992105216.0,6914889419,6914889419,2026-08-24,2026-08-24 11:54:12+08:00
512690,酒ETF鹏华,0.423,0.4238,0.19,0.004,0.95,6512521.0,275058018.0,0.419,0.425,0.418,0.419,1.67,2.02,1.26,12.19,3876512.0,2636009.0,20978415.0,7.63,41146930.0,14.96,-20168515.0,-7.33,-17267140.0,-6.28,-3711275.0,-1.35,-630.0,0.423,0.424,32307550208.0,13666093738,13666093738,2026-08-24,2026-08-24 11:54:06+08:00
563180,高股息ETF银华,1.167,1.168,0.09,0.011,0.95,19686.0,2291403.0,1.156,1.171,1.156,1.156,1.3,1.94,1.12,-19.66,11560.0,8126.0,399888.0,17.45,49938.0,2.18,349950.0,15.27,-162818.0,-7.11,-237069.0,-10.35,-1.0,1.167,1.168,101420000.0,118357140,118357140,2026-08-24,2026-08-24 11:53:48+08:00
512890,红利低波ETF华泰柏瑞,1.187,1.189,0.17,0.011,0.94,4356973.0,515165587.0,1.172,1.189,1.171,1.176,1.53,1.55,1.37,-2.0,2693958.0,1663015.0,73457434.0,14.26,119278386.0,23.15,-45820952.0,-8.89,-48905404.0,-9.49,-24552034.0,-4.77,-100.0,1.187,1.188,28066110720.0,33314473425,33314473425,2026-08-24,2026-08-24 11:54:25+08:00
561700,电力ETF博时,1.091,1.0904,-0.06,0.01,0.93,25105.0,2736034.0,1.083,1.093,1.082,1.081,1.02,0.71,0.77,-79.03,10234.0,14871.0,520549.0,19.03,1090108.0,39.84,-569559.0,-20.82,-472201.0,-17.26,-48349.0,-1.77,-97.0,1.09,1.092,353313600.0,385465138,385465138,2026-08-24,2026-08-24 11:53:45+08:00
560520,红利低波100ETF大成,1.097,1.0948,-0.2,0.01,0.92,569.0,62291.0,1.087,1.097,1.087,1.087,0.92,0.12,0.2,6.78,466.0,103.0,-23999.0,-38.53,0.0,0.0,-23999.0,-38.53,33019.0,53.01,-9021.0,-14.48,300.0,1.093,1.097,48751000.0,53479847,53479847,2026-08-24,2026-08-24 11:54:02+08:00
560570,A500红利ETF国联安,0.999,0.9975,-0.15,0.009,0.91,126030.0,12554758.0,0.992,0.999,0.986,0.99,1.31,1.09,0.94,12.59,76805.0,49225.0,-1117627.0,-8.9,-792415.0,-6.31,-325212.0,-2.59,898934.0,7.16,218694.0,1.74,96.0,0.997,0.999,1160541200.0,1159380659,1159380659,2026-08-24,2026-08-24 11:54:05+08:00
159525,红利低波ETF富国,1.107,1.1086,0.14,0.01,0.91,143810.0,15858576.0,1.097,1.109,1.092,1.097,1.55,3.16,1.41,-18.89,92466.0,51344.0,-936274.0,-5.9,-1170025.0,-7.38,233751.0,1.47,1580697.0,9.97,-644423.0,-4.06,-33.0,1.107,1.108,455743744.0,504508325,504508325,2026-08-24,2026-08-24 11:53:57+08:00
159060,粮食ETF浦银,0.996,1.0004,0.44,0.009,0.91,39410.0,3920186.8,0.981,1.005,0.979,0.987,2.63,8.86,0.56,39.45,32898.0,6512.0,-270089.0,-6.89,-1249869.0,-31.88,979780.0,24.99,242755.0,6.19,27334.0,0.7,13.0,0.982,1.0,44483423.0,44305489,44305489,2026-08-24,2026-08-24 11:54:42+08:00
159073,粮食ETF汇添富,1.003,1.0077,0.47,0.009,0.91,137124.0,13712073.324,0.992,1.011,0.986,0.994,2.52,7.87,0.25,-36.32,84195.0,52929.0,137903.0,1.01,-1425632.0,-10.4,1563535.0,11.4,46728.0,0.34,-184630.0,-1.35,312.0,1.002,1.004,174173864.0,174696386,174696386,2026-08-24,2026-08-24 11:53:51+08:00
560330,沪深300价值ETF申万菱信,1.238,1.2366,-0.11,0.011,0.9,882.0,108676.0,1.227,1.239,1.227,1.227,0.98,0.51,0.41,61.92,597.0,285.0,-20619.0,-18.97,0.0,0.0,-20619.0,-18.97,1350.0,1.24,19269.0,17.73,100.0,1.234,1.238,17130000.0,21206940,21206940,2026-08-24,2026-08-24 11:54:10+08:00
159059,电力ETF大成,1.012,1.0106,-0.14,0.009,0.9,60867.0,6142524.133,1.004,1.012,1.004,1.003,0.8,10.35,1.51,-11.98,27217.0,33650.0,107763.0,1.75,0.0,0.0,107763.0,1.75,-90901.0,-1.48,-16860.0,-0.27,20.0,1.008,1.012,58830063.0,59536024,59536024,2026-08-24,2026-08-24 11:54:39+08:00
520830,沙特ETF华泰柏瑞,0.906,0.8962,-1.09,0.008,0.89,184981.0,16750635.0,0.902,0.907,0.902,0.898,0.56,1.65,3.3,25.71,101081.0,83900.0,5187926.0,30.97,3502504.0,20.91,1685422.0,10.06,-3325613.0,-19.85,-1862312.0,-11.12,23.0,0.905,0.906,1120119008.0,1014827821,1014827821,2026-08-24,2026-08-24 11:54:15+08:00
560150,红利低波ETF泰康,1.136,1.1373,0.11,0.01,0.89,25122.0,2846173.0,1.123,1.138,1.122,1.126,1.42,0.37,0.85,-1.57,10690.0,14432.0,750087.0,26.35,0.0,0.0,750087.0,26.35,-22375.0,-0.79,-727713.0,-25.57,-400.0,1.136,1.137,684279296.0,777341280,777341280,2026-08-24,2026-08-24 11:53:55+08:00
159611,电力ETF广发,1.033,1.0309,-0.2,0.009,0.88,1919688.0,197819928.307,1.025,1.034,1.025,1.024,0.88,2.02,1.08,-39.22,1195936.0,723753.0,16364512.0,8.27,31540658.0,15.94,-15176146.0,-7.67,-7289364.0,-3.68,-9075147.0,-4.59,300.0,1.032,1.033,9525562880.0,9839906455,9839906455,2026-08-24,2026-08-24 11:53:42+08:00
563690,红利低波ETF永赢,1.026,1.0265,0.05,0.009,0.88,2026.0,207557.0,1.018,1.027,1.018,1.017,0.88,0.58,0.19,13.22,1493.0,533.0,136109.0,65.58,0.0,0.0,136109.0,65.58,-51240.0,-24.69,-84869.0,-40.89,140.0,1.025,1.027,34882000.0,35788932,35788932,2026-08-24,2026-08-24 11:53:54+08:00
560730,红利低波ETF国泰海通,1.044,1.0464,0.23,0.009,0.87,27204.0,2837260.0,1.033,1.047,1.031,1.035,1.55,2.87,1.29,35.46,17476.0,9727.0,702741.0,24.77,604151.0,21.29,98590.0,3.47,-507463.0,-17.89,-195279.0,-6.88,613.0,1.043,1.045,94836300.0,99009097,99009097,2026-08-24,2026-08-24 11:54:17+08:00
515450,红利低波50ETF南方,1.41,1.4098,-0.01,0.012,0.86,801686.0,112549683.0,1.395,1.41,1.394,1.398,1.14,0.57,0.92,42.38,470578.0,331108.0,22358905.0,19.87,16623098.0,14.77,5735807.0,5.1,-13054960.0,-11.6,-9303945.0,-8.27,224.0,1.409,1.41,14165835008.0,19973827361,19973827361,2026-08-24,2026-08-24 11:54:20+08:00
517900,银行AH优选ETF招商,1.552,1.5512,-0.05,0.013,0.84,117784.0,18221068.0,1.54,1.552,1.533,1.539,1.23,2.91,0.96,-30.86,66559.0,51225.0,2078202.0,11.41,-1040641.0,-5.71,3118843.0,17.12,-215637.0,-1.18,-1862565.0,-10.22,1.0,1.55,1.551,404993504.0,628549918,628549918,2026-08-24,2026-08-24 11:53:59+08:00
517400,黄金股ETF国泰,1.806,1.7934,-0.7,0.015,0.84,1418122.0,258517382.0,1.815,1.869,1.78,1.791,4.97,15.5,3.63,70.54,652174.0,765949.0,-81598970.0,-31.56,-5452516.0,-2.11,-76146454.0,-29.46,43254740.0,16.73,38344230.0,14.83,100.0,1.804,1.807,914792000.0,1652114352,1652114352,2026-08-24,2026-08-24 11:54:08+08:00
562350,电力ETF银华,1.083,1.0836,0.06,0.009,0.84,50658.0,5482301.0,1.076,1.085,1.076,1.074,0.84,3.66,0.92,-55.36,26043.0,24615.0,550017.0,10.03,-542000.0,-9.89,1092017.0,19.92,-294984.0,-5.38,-255034.0,-4.65,1.0,1.082,1.083,138410900.0,149899005,149899005,2026-08-24,2026-08-24 11:54:09+08:00
561450,红利低波50ETF华泰柏瑞,0.968,0.9691,0.11,0.008,0.83,14862.0,1436740.0,0.96,0.97,0.959,0.96,1.15,1.68,0.6,-77.8,11113.0,3749.0,399015.0,27.77,0.0,0.0,399015.0,27.77,-277686.0,-19.33,-121330.0,-8.44,-50.0,0.965,0.969,88624300.0,85788322,85788322,2026-08-24,2026-08-24 11:53:55+08:00
563980,800红利低波ETF鑫元,0.975,0.975,0.0,0.008,0.83,35741.0,3479316.0,0.966,0.975,0.965,0.967,1.03,1.89,1.42,-67.46,15639.0,20102.0,97010.0,2.79,0.0,0.0,97010.0,2.79,-73120.0,-2.1,-23890.0,-0.69,-2180.0,0.97,0.975,188967000.0,184242825,184242825,2026-08-24,2026-08-24 11:53:56+08:00
560720,红利低波100ETF工银,0.982,0.9819,-0.01,0.008,0.82,23145.0,2263660.0,0.974,0.982,0.974,0.974,0.82,2.28,1.07,19.67,16248.0,6897.0,347519.0,15.35,0.0,0.0,347519.0,15.35,-299223.0,-13.22,-48296.0,-2.13,300.0,0.98,0.982,101548000.0,99720136,99720136,2026-08-24,2026-08-24 11:54:04+08:00
562550,绿电ETF华夏,1.121,1.1212,0.02,0.009,0.81,394866.0,44265599.0,1.117,1.124,1.117,1.112,0.63,2.54,1.09,-40.73,225087.0,169779.0,1991405.0,4.5,2065123.0,4.67,-73718.0,-0.17,-1358973.0,-3.07,-632432.0,-1.43,-50.0,1.121,1.122,1555919296.0,1744185531,1744185531,2026-08-24,2026-08-24 11:54:07+08:00
561560,电力ETF华泰柏瑞,1.252,1.2519,-0.01,0.01,0.81,272606.0,34075336.0,1.241,1.254,1.241,1.242,1.05,1.38,1.06,-5.52,159095.0,113511.0,3765794.0,11.05,-515476.0,-1.51,4281270.0,12.56,-2722727.0,-7.99,-1043068.0,-3.06,3600.0,1.25,1.252,1968624208.0,2464717508,2464717508,2026-08-24,2026-08-24 11:53:57+08:00
159098,价值ETF招商,1.004,1.0061,0.21,0.008,0.8,140273.0,14086361.771,0.994,1.008,0.994,0.996,1.41,8.41,2.66,-22.71,83055.0,57218.0,3058920.0,21.72,6055545.0,42.99,-2996625.0,-21.27,-2487702.0,-17.66,-571219.0,-4.06,0.0,1.003,1.005,166891589.0,167559155,167559155,2026-08-24,2026-08-24 11:54:09+08:00
159042,价值ETF汇添富,1.004,1.005,0.1,0.008,0.8,48944.0,4908954.811,0.998,1.005,0.998,0.996,0.7,4.72,4.71,-94.23,33560.0,15384.0,203249.0,4.14,342169.0,6.97,-138920.0,-2.83,-206775.0,-4.21,3526.0,0.07,5282.0,0.996,1.005,103801105.0,104216309,104216309,2026-08-24,2026-08-24 11:54:39+08:00
517180,中国国企ETF南方,1.515,1.514,-0.07,0.012,0.8,13697.0,2069780.0,1.489,1.517,1.481,1.503,2.4,1.36,0.57,-25.16,6967.0,6730.0,308401.0,14.9,0.0,0.0,308401.0,14.9,-263173.0,-12.72,-45228.0,-2.19,5.0,1.511,1.515,100496300.0,152251895,152251895,2026-08-24,2026-08-24 11:54:12+08:00
515630,证券保险ETF鹏华,1.253,1.2543,0.1,0.01,0.8,195049.0,24378886.0,1.239,1.259,1.239,1.243,1.61,2.03,0.86,-8.41,100077.0,94972.0,1963743.0,8.06,2634020.0,10.8,-670277.0,-2.75,-997408.0,-4.09,-966335.0,-3.96,-27.0,1.253,1.254,962717696.0,1206285273,1206285273,2026-08-24,2026-08-24 11:54:23+08:00
516370,电力ETF汇添富,0.908,0.9088,0.09,0.007,0.78,75339.0,6835403.0,0.901,0.909,0.901,0.901,0.89,2.44,1.26,-37.82,51112.0,24227.0,485068.0,7.1,1490846.0,21.81,-1005778.0,-14.71,-143134.0,-2.09,-341934.0,-5.0,228.0,0.907,0.908,308408000.0,280034464,280034464,2026-08-24,2026-08-24 11:54:09+08:00
159061,绿色电力ETF南方,0.914,0.9135,-0.05,0.007,0.77,50226.0,4585096.42,0.907,0.916,0.907,0.907,0.99,2.29,2.0,-44.77,24187.0,26039.0,-95613.0,-2.09,-456000.0,-9.95,360387.0,7.86,46552.0,1.02,49062.0,1.07,50.0,0.913,0.914,219640230.0,200751170,200751170,2026-08-24,2026-08-24 11:54:45+08:00
159625,绿色电力ETF嘉实,1.19,1.1899,-0.01,0.009,0.76,133097.0,15824806.4,1.183,1.192,1.183,1.181,0.76,0.66,1.09,-37.39,74650.0,58447.0,948204.0,5.99,-32106.0,-0.2,980310.0,6.19,-890268.0,-5.63,-57935.0,-0.37,7.0,1.188,1.19,2018113776.0,2401555393,2401555393,2026-08-24,2026-08-24 11:54:00+08:00
560450,电力ETF天弘,0.928,0.9271,-0.1,0.007,0.76,62583.0,5800427.0,0.921,0.929,0.921,0.921,0.87,2.48,0.92,10.59,26430.0,36153.0,189637.0,3.27,0.0,0.0,189637.0,3.27,-109956.0,-1.9,-79682.0,-1.37,188.0,0.925,0.928,252569000.0,234384032,234384032,2026-08-24,2026-08-24 11:53:52+08:00
560270,电力ETF工银,0.936,0.935,-0.11,0.007,0.75,16654.0,1556172.0,0.928,0.938,0.928,0.929,1.08,0.99,0.38,-18.61,10510.0,6144.0,104822.0,6.74,0.0,0.0,104822.0,6.74,-22723.0,-1.46,-82100.0,-5.28,10.0,0.935,0.936,167439000.0,156722904,156722904,2026-08-24,2026-08-24 11:53:52+08:00
562320,沪深300价值ETF银华,1.336,1.3371,0.08,0.01,0.75,16003.0,2133414.0,1.324,1.337,1.324,1.326,0.98,2.75,0.7,-13.27,8348.0,7655.0,-13416.0,-0.63,0.0,0.0,-13416.0,-0.63,54309.0,2.55,-40894.0,-1.92,6.0,1.335,1.338,58295500.0,77882788,77882788,2026-08-24,2026-08-24 11:53:59+08:00
159669,绿色电力ETF国泰,1.096,1.0957,-0.03,0.008,0.74,14033.0,1537327.1,1.092,1.099,1.092,1.088,0.64,0.7,0.85,4.23,10081.0,3952.0,-131480.0,-8.55,0.0,0.0,-131480.0,-8.55,165807.0,10.79,-34327.0,-2.23,46.0,1.095,1.096,201754781.0,221123240,221123240,2026-08-24,2026-08-24 11:54:30+08:00
560580,电力ETF南方,1.088,1.0881,0.01,0.008,0.74,55283.0,5998135.0,1.08,1.089,1.074,1.08,1.39,1.2,1.02,-56.69,40761.0,14522.0,-384531.0,-6.41,-585686.0,-9.76,201155.0,3.35,548331.0,9.14,-163800.0,-2.73,1819.0,1.086,1.088,462003008.0,502659273,502659273,2026-08-24,2026-08-24 11:54:14+08:00
516130,消费龙头ETF华宝,0.683,0.6827,-0.04,0.005,0.74,255070.0,17360109.0,0.677,0.684,0.676,0.678,1.18,1.63,3.72,-11.23,215863.0,39207.0,-5767841.0,-33.22,-6887476.0,-39.67,1119635.0,6.45,5070591.0,29.21,697251.0,4.02,530.0,0.682,0.684,1568890000.0,1071551870,1071551870,2026-08-24,2026-08-24 11:54:09+08:00
562960,绿色电力ETF易方达,1.123,1.1243,0.12,0.008,0.72,137243.0,15420821.0,1.116,1.126,1.116,1.115,0.9,1.09,0.9,48.53,73366.0,63877.0,1109812.0,7.2,483226.0,3.13,626586.0,4.06,-533079.0,-3.46,-576733.0,-3.74,-5.0,1.123,1.125,1256391008.0,1410927102,1410927102,2026-08-24,2026-08-24 11:54:04+08:00
561170,绿色电力ETF富国,1.127,1.1281,0.1,0.008,0.71,222859.0,25118599.0,1.125,1.13,1.124,1.119,0.54,4.07,1.31,-47.92,111725.0,111134.0,1808157.0,7.2,-183310.0,-0.73,1991467.0,7.93,-1868825.0,-7.44,60668.0,0.24,-887.0,1.127,1.128,547532704.0,617069357,617069357,2026-08-24,2026-08-24 11:53:59+08:00
561680,A500红利低波ETF平安,0.992,0.9924,0.04,0.007,0.71,5152.0,510265.0,0.987,0.992,0.987,0.985,0.51,0.89,0.79,-19.64,2231.0,2921.0,-182019.0,-35.67,0.0,0.0,-182019.0,-35.67,172108.0,33.73,9911.0,1.94,36.0,0.988,0.995,58169000.0,57703648,57703648,2026-08-24,2026-08-24 11:54:00+08:00
159067,绿色电力ETF鹏华,1.004,1.0056,0.16,0.007,0.7,2880.0,289538.7,0.998,1.007,0.998,0.997,0.9,1.38,0.74,-44.85,2289.0,591.0,61189.0,21.13,0.0,0.0,61189.0,21.13,-55995.0,-19.34,-5195.0,-1.79,-70.0,1.0,1.007,20908737.0,20992372,20992372,2026-08-24,2026-08-24 11:53:45+08:00
563510,A500红利低波ETF易方达,1.002,1.0025,0.05,0.007,0.7,32789.0,3276821.0,0.995,1.003,0.992,0.995,1.11,1.11,0.67,-59.92,19370.0,13419.0,293093.0,8.94,1671781.0,51.02,-1378688.0,-42.07,-167710.0,-5.12,-125382.0,-3.83,1.0,1.001,1.002,294537008.0,295126082,295126082,2026-08-24,2026-08-24 11:53:52+08:00
159037,价值ETF鹏华,1.002,1.0034,0.14,0.007,0.7,13887.0,1391674.103,0.994,1.003,0.994,0.995,0.9,1.82,1.92,-89.96,9821.0,4066.0,90123.0,6.48,690966.0,49.65,-600843.0,-43.17,-69991.0,-5.03,-20133.0,-1.45,112.0,1.0,1.002,76249832.0,76402332,76402332,2026-08-24,2026-08-24 11:54:24+08:00
159307,红利低波100ETF博时,1.026,1.0246,-0.14,0.007,0.69,593343.0,60546040.4,1.016,1.026,1.015,1.019,1.08,0.83,1.42,-17.93,362834.0,230509.0,6943894.0,11.47,4583596.0,7.57,2360298.0,3.9,-5648897.0,-9.33,-1294997.0,-2.14,77.0,1.025,1.026,7155903488.0,7341956979,7341956979,2026-08-24,2026-08-24 11:54:21+08:00
159719,国企ETF平安,1.603,1.6088,0.36,0.011,0.69,1621.0,259307.6,1.591,1.605,1.59,1.592,0.94,0.62,0.19,-29.6,153.0,1468.0,18530.0,7.15,0.0,0.0,18530.0,7.15,1575.0,0.61,-20105.0,-7.75,-274.0,1.6,1.607,26195986.0,41992166,41992166,2026-08-24,2026-08-24 11:53:39+08:00
513030,德国ETF华安,1.899,1.8817,-0.92,0.013,0.69,422423.0,80147747.0,1.895,1.906,1.894,1.886,0.64,4.18,0.42,19.63,173060.0,249363.0,13812027.0,17.23,17155253.0,21.4,-3343226.0,-4.17,-11212013.0,-13.99,-2600014.0,-3.24,280.0,1.898,1.899,1010779008.0,1919469336,1919469336,2026-08-24,2026-08-24 11:54:13+08:00
560460,电力ETF平安,0.89,0.8919,0.21,0.006,0.68,24956.0,2223571.0,0.886,0.893,0.882,0.884,1.24,0.85,1.31,-60.82,17211.0,7745.0,644874.0,29.0,445893.0,20.05,198981.0,8.95,-443722.0,-19.96,-201154.0,-9.05,-40.0,0.89,0.891,292037008.0,259912937,259912937,2026-08-24,2026-08-24 11:53:55+08:00
560830,电力ETF华夏,0.89,0.8906,0.07,0.006,0.68,77554.0,6899222.0,0.885,0.892,0.885,0.884,0.79,1.07,0.85,-33.64,42962.0,34592.0,454302.0,6.58,1311626.0,19.01,-857324.0,-12.43,-266063.0,-3.86,-188239.0,-2.73,-30.0,0.89,0.891,722019008.0,642596917,642596917,2026-08-24,2026-08-24 11:53:57+08:00
560480,电力ETF招商,0.885,0.8853,0.03,0.006,0.68,27825.0,2459497.0,0.88,0.887,0.879,0.879,0.91,1.91,0.82,-58.49,17482.0,10343.0,785406.0,31.93,0.0,0.0,785406.0,31.93,-415511.0,-16.89,-369895.0,-15.04,-98.0,0.885,0.886,145303000.0,128593155,128593155,2026-08-24,2026-08-24 11:54:09+08:00
159046,绿电ETF天弘,0.904,0.9038,-0.02,0.006,0.67,113630.0,10279630.7,0.9,0.906,0.9,0.898,0.67,2.48,1.78,63.63,31898.0,81732.0,213582.0,2.08,3481530.0,33.87,-3267948.0,-31.79,-311160.0,-3.03,97579.0,0.95,-348.0,0.903,0.905,457476848.0,413559071,413559071,2026-08-24,2026-08-24 11:54:30+08:00
512140,电力ETF华安,0.906,0.9061,0.01,0.006,0.67,18712.0,1694812.0,0.903,0.908,0.903,0.9,0.56,1.29,0.37,8.9,8286.0,10426.0,-6125.0,-0.36,0.0,0.0,-6125.0,-0.36,106120.0,6.26,-99995.0,-5.9,2.0,0.905,0.906,145049000.0,131414394,131414394,2026-08-24,2026-08-24 11:54:20+08:00
560620,公用事业ETF万家,0.943,0.9443,0.14,0.006,0.64,1788.0,168556.0,0.938,0.945,0.938,0.937,0.75,0.65,0.55,-74.36,604.0,1184.0,43665.0,25.91,0.0,0.0,43665.0,25.91,-35552.0,-21.09,-8114.0,-4.81,34.0,0.936,0.943,27367000.0,25807081,25807081,2026-08-24,2026-08-24 11:54:00+08:00
560030,800价值ETF汇添富,1.3,1.3015,0.12,0.008,0.62,978.0,126634.0,1.292,1.3,1.292,1.292,0.62,0.42,0.28,16.67,32.0,946.0,123126.0,97.23,0.0,0.0,123126.0,97.23,0.0,0.0,-123127.0,-97.23,1.0,1.293,1.305,23432000.0,30461600,30461600,2026-08-24,2026-08-24 11:53:53+08:00
159146,电力ETF华宝,0.996,0.9979,0.19,0.006,0.61,150996.0,15042639.4,0.989,0.999,0.989,0.99,1.01,2.06,1.34,-37.45,84898.0,66098.0,1739189.0,11.56,574227.0,3.82,1164962.0,7.74,-1255348.0,-8.35,-483841.0,-3.22,-10.0,0.996,0.997,732940848.0,730009085,730009085,2026-08-24,2026-08-24 11:53:45+08:00
515710,食品饮料ETF华宝,0.498,0.4978,-0.04,0.003,0.61,174966.0,8667139.0,0.496,0.498,0.493,0.495,1.01,0.75,0.87,40.46,87577.0,87389.0,1143884.0,13.2,1358940.0,15.68,-215056.0,-2.48,-869922.0,-10.04,-273961.0,-3.16,3.0,0.496,0.498,2321599808.0,1156156704,1156156704,2026-08-24,2026-08-24 11:54:06+08:00
159158,电力ETF景顺,0.987,0.9886,0.16,0.006,0.61,189361.0,18693858.4,0.982,0.99,0.982,0.981,0.82,2.1,1.38,-39.13,97905.0,91456.0,1946237.0,10.41,1752195.0,9.37,194042.0,1.04,-1564197.0,-8.37,-382039.0,-2.04,-246.0,0.987,0.988,901035344.0,889321885,889321885,2026-08-24,2026-08-24 11:54:18+08:00
560070,央企红利ETF汇添富,1.178,1.1772,-0.07,0.007,0.6,9050.0,1066442.0,1.169,1.182,1.169,1.171,1.11,1.09,1.09,-0.8,5198.0,3852.0,-68949.0,-6.47,-77513.0,-7.27,8564.0,0.8,198108.0,18.58,-129159.0,-12.11,-561.0,1.175,1.181,83362300.0,98200789,98200789,2026-08-24,2026-08-24 11:53:57+08:00
159322,黄金股ETF平安,1.836,1.8294,-0.36,0.011,0.6,174188.0,32165619.94,1.863,1.891,1.815,1.825,4.16,15.36,2.63,22.8,96118.0,78070.0,-2423926.0,-7.54,-3030679.0,-9.42,606753.0,1.89,151645.0,0.47,2272280.0,7.06,-1.0,1.836,1.85,113411691.0,208223865,208223865,2026-08-24,2026-08-24 11:54:33+08:00
513650,标普500ETF南方,2.018,1.875,-7.63,0.012,0.6,949018.0,191040410.0,2.011,2.023,2.004,2.006,0.95,2.18,1.17,-52.89,511387.0,437631.0,-23783842.0,-12.45,-11833999.0,-6.19,-11949843.0,-6.26,-54467.0,-0.03,23838310.0,12.48,1.0,2.017,2.018,4351734016.0,8781799244,8781799244,2026-08-24,2026-08-24 11:54:11+08:00
510270,国企ETF中银,1.547,1.5471,0.01,0.009,0.59,946.0,146291.0,1.542,1.552,1.542,1.538,0.65,0.6,0.22,-98.96,152.0,794.0,80561.0,55.07,-15155.0,-10.36,95716.0,65.43,-38300.0,-26.18,-42261.0,-28.89,12.0,1.545,1.552,15832100.0,24492259,24492259,2026-08-24,2026-08-24 11:54:23+08:00
159549,红利低波ETF天弘,1.184,1.184,0.0,0.007,0.59,18780.0,2220745.3,1.175,1.187,1.173,1.177,1.19,0.04,0.61,-0.93,14972.0,3808.0,-329922.0,-14.86,-387412.0,-17.45,57490.0,2.59,75160.0,3.38,254763.0,11.47,-4.0,1.184,1.185,4840523776.0,5731180151,5731180151,2026-08-24,2026-08-24 11:54:33+08:00
560930,电力ETF易方达,0.872,0.8729,0.1,0.005,0.58,38646.0,3369990.0,0.867,0.875,0.867,0.867,0.92,1.79,1.07,-0.51,21446.0,17200.0,1172628.0,34.8,189323.0,5.62,983305.0,29.18,-967515.0,-28.71,-205114.0,-6.09,-132.0,0.872,0.873,215524000.0,187936928,187936928,2026-08-24,2026-08-24 11:54:12+08:00
159670,消费50ETF国联安,0.864,0.8655,0.17,0.005,0.58,26071.0,2248767.3,0.857,0.867,0.857,0.859,1.16,4.68,1.48,4.85,12899.0,13172.0,56922.0,2.53,129150.0,5.74,-72228.0,-3.21,-60.0,0.0,-56862.0,-2.53,-84.0,0.864,0.865,55706921.0,48130780,48130780,2026-08-24,2026-08-24 11:53:39+08:00
159355,800红利低波ETF华宝,1.04,1.0429,0.28,0.006,0.58,4074.0,423181.5,1.034,1.042,1.034,1.034,0.77,0.47,1.28,-90.81,1903.0,2171.0,24508.0,5.79,62842.0,14.85,-38334.0,-9.06,-23689.0,-5.6,-820.0,-0.19,-2.0,1.04,1.042,86234277.0,89683648,89683648,2026-08-24,2026-08-24 11:53:45+08:00
515100,红利低波100ETF景顺,1.405,1.4069,0.14,0.008,0.57,404277.0,56663948.0,1.392,1.408,1.392,1.397,1.15,1.1,1.05,-3.45,205009.0,199268.0,16844514.0,29.73,10312817.0,18.2,6531697.0,11.53,-14981640.0,-26.44,-1862874.0,-3.29,-19.0,1.405,1.406,3682691504.0,5174181563,5174181563,2026-08-24,2026-08-24 11:54:02+08:00
515480,红利低波100ETF南方,1.06,1.0605,0.05,0.006,0.57,5275.0,557375.0,1.05,1.06,1.05,1.054,0.95,2.08,0.24,75.85,2053.0,3222.0,186805.0,33.52,0.0,0.0,186805.0,33.52,-194146.0,-34.83,7342.0,1.32,100.0,1.055,1.06,25340700.0,26861142,26861142,2026-08-24,2026-08-24 11:54:13+08:00
515650,消费50ETF富国,1.064,1.0645,0.05,0.006,0.57,415529.0,44078315.0,1.058,1.067,1.054,1.058,1.23,1.36,1.26,-24.7,168076.0,247453.0,-8682910.0,-19.7,2432549.0,5.52,-11115459.0,-25.22,4255774.0,9.66,4427136.0,10.04,-350.0,1.064,1.065,3045184000.0,3240075776,3240075776,2026-08-24,2026-08-24 11:54:10+08:00
159520,消费龙头ETF工银,0.919,0.9193,0.03,0.005,0.55,69229.0,6352512.1,0.913,0.921,0.913,0.914,0.88,4.49,1.72,0.36,34826.0,34403.0,-259379.0,-4.08,-1734.0,-0.03,-257645.0,-4.06,244782.0,3.85,14598.0,0.23,5.0,0.918,0.919,154177649.0,141689259,141689259,2026-08-24,2026-08-24 11:53:45+08:00
159862,食品饮料ETF银华,0.544,0.544,0.0,0.003,0.55,15628.0,847708.5,0.544,0.545,0.54,0.541,0.92,0.51,0.88,36.96,4467.0,11161.0,18671.0,2.2,114319.0,13.49,-95648.0,-11.28,25553.0,3.01,-44224.0,-5.22,2.0,0.542,0.544,307500624.0,167280339,167280339,2026-08-24,2026-08-24 11:53:39+08:00
159083,红利低波100ETF嘉实,0.995,0.9956,0.06,0.005,0.51,44483.0,4418118.004,0.99,0.996,0.985,0.99,1.11,1.82,1.05,-82.13,30847.0,13636.0,672886.0,15.23,2270197.0,51.38,-1597311.0,-36.15,-518607.0,-11.74,-154279.0,-3.49,300.0,0.994,0.995,244370472.0,243148620,243148620,2026-08-24,2026-08-24 11:53:51+08:00
520900,港股通红利ETF广发,1.009,1.0111,0.21,0.005,0.5,266467.0,26881499.0,1.006,1.012,1.006,1.004,0.6,1.72,0.97,-38.83,124325.0,142142.0,2411728.0,8.97,-572490.0,-2.13,2984218.0,11.1,-501270.0,-1.86,-1910459.0,-7.11,-10.0,1.009,1.01,1546675008.0,1560595083,1560595083,2026-08-24,2026-08-24 11:54:12+08:00
159159,公用事业ETF国投瑞银,1.003,1.004,0.1,0.005,0.5,3586.0,359462.6,0.997,1.004,0.997,0.998,0.7,0.3,0.33,-82.3,2555.0,1031.0,90119.0,25.07,0.0,0.0,90119.0,25.07,-57684.0,-16.05,-32435.0,-9.02,-1.0,1.002,1.004,121318582.0,121682538,121682538,2026-08-24,2026-08-24 11:54:21+08:00
516200,证券ETF华安,1.022,1.0215,-0.05,0.005,0.49,59262.0,6049560.0,1.017,1.027,1.016,1.017,1.08,1.31,1.12,-0.59,28101.0,31161.0,580311.0,9.59,218166.0,3.61,362145.0,5.99,-436752.0,-7.22,-143560.0,-2.37,3.0,1.02,1.022,452604000.0,462561288,462561288,2026-08-24,2026-08-24 11:54:05+08:00
510630,消费ETF华夏,0.813,0.8139,0.11,0.004,0.49,336818.0,27285828.0,0.809,0.815,0.805,0.809,1.24,6.06,1.51,-5.27,175598.0,161220.0,981403.0,3.6,158220.0,0.58,823183.0,3.02,-689994.0,-2.53,-291410.0,-1.07,2.0,0.812,0.813,555361504.0,451508903,451508903,2026-08-24,2026-08-24 11:54:02+08:00
159228,红利低波ETF长城,1.023,1.0222,-0.08,0.005,0.49,5794.0,591767.2,1.016,1.024,1.015,1.018,0.88,0.53,1.78,38.26,2113.0,3681.0,-14459.0,-2.44,-14763.0,-2.49,304.0,0.05,95517.0,16.14,-81059.0,-13.7,-1742.0,1.022,1.023,109212692.0,111724584,111724584,2026-08-24,2026-08-24 11:54:00+08:00
159672,消费ETF博时,0.626,0.6242,-0.29,0.003,0.48,46067.0,2876941.5,0.623,0.626,0.621,0.623,0.8,3.52,1.68,-30.77,26693.0,19374.0,6905.0,0.24,1391909.0,48.38,-1385004.0,-48.14,-673.0,-0.02,-6231.0,-0.22,-133.0,0.626,0.627,130887409.0,81935518,81935518,2026-08-24,2026-08-24 11:54:06+08:00
517520,黄金股ETF永赢,2.284,2.2757,-0.36,0.011,0.48,5008095.0,1152178474.0,2.314,2.358,2.254,2.273,4.58,6.8,1.98,-68.24,2670844.0,2337252.0,14197600.0,1.23,56480416.0,4.9,-42282816.0,-3.67,33050308.0,2.87,-47247899.0,-4.1,-434.0,2.284,2.288,7364903936.0,16821440590,16821440590,2026-08-24,2026-08-24 11:54:11+08:00
159798,消费ETF易方达,0.854,0.855,0.12,0.004,0.47,134165.0,11462075.6,0.845,0.857,0.843,0.85,1.65,7.7,1.92,-60.57,99818.0,34347.0,-2564244.0,-22.37,-1281029.0,-11.18,-1283215.0,-11.2,2712721.0,23.67,-148478.0,-1.3,-13.0,0.854,0.855,174245390.0,148805563,148805563,2026-08-24,2026-08-24 11:53:48+08:00
159072,粮食ETF景顺,1.092,1.092,0.0,0.005,0.46,64752.0,7063719.027,1.084,1.105,1.074,1.087,2.85,16.07,0.56,32.74,41296.0,23456.0,907499.0,12.85,-367066.0,-5.2,1274565.0,18.04,-725478.0,-10.27,-182022.0,-2.58,-20.0,1.092,1.094,40285157.0,43991391,43991391,2026-08-24,2026-08-24 11:53:54+08:00
513750,港股通非银ETF广发,1.524,1.5265,0.16,0.007,0.46,2706215.0,412015440.0,1.513,1.531,1.511,1.517,1.32,3.32,1.21,-54.1,1183233.0,1522983.0,6245410.0,1.52,40386852.0,9.8,-34141442.0,-8.29,-3962782.0,-0.96,-2282628.0,-0.55,40.0,1.523,1.524,8143837952.0,12411209039,12411209039,2026-08-24,2026-08-24 11:53:55+08:00
159562,黄金股ETF华夏,2.48,2.4746,-0.22,0.011,0.45,1406759.0,352179847.543,2.501,2.565,2.45,2.469,4.66,5.59,1.65,7.81,656305.0,750454.0,-28154080.0,-7.99,-12642545.0,-3.59,-15511535.0,-4.4,11439162.0,3.25,16714918.0,4.75,4.0,2.48,2.484,2517130512.0,6242483670,6242483670,2026-08-24,2026-08-24 11:54:33+08:00
513190,港股通金融ETF华夏,1.808,1.8071,-0.05,0.008,0.44,1671533.0,301659186.0,1.798,1.812,1.795,1.8,0.94,16.77,1.5,30.66,880758.0,790775.0,1940290.0,0.64,8773132.0,2.91,-6832842.0,-2.27,1948136.0,0.65,-3888425.0,-1.29,735.0,1.807,1.808,996936000.0,1802460288,1802460288,2026-08-24,2026-08-24 11:54:15+08:00
159032,工业有色ETF易方达,0.908,0.9055,-0.28,0.004,0.44,158685.0,14445658.4,0.913,0.918,0.902,0.904,1.77,6.2,1.86,40.65,70031.0,88654.0,423286.0,2.93,1456555.0,10.08,-1033269.0,-7.15,-611844.0,-4.24,188557.0,1.31,57.0,0.906,0.908,255845019.0,232307277,232307277,2026-08-24,2026-08-24 11:54:18+08:00
515170,食品饮料ETF华夏,0.464,0.4652,0.26,0.002,0.43,892428.0,41385227.0,0.463,0.466,0.461,0.462,1.08,1.04,1.07,45.47,409012.0,483416.0,1882948.0,4.55,-208060.0,-0.5,2091008.0,5.05,-939660.0,-2.27,-943288.0,-2.28,-748.0,0.464,0.465,8605757952.0,3993071690,3993071690,2026-08-24,2026-08-24 11:54:13+08:00
513690,港股红利ETF博时,1.178,1.1765,-0.13,0.005,0.43,921781.0,108487335.0,1.173,1.179,1.17,1.173,0.77,2.93,1.76,-34.11,488996.0,432785.0,1120868.0,1.03,9853471.0,9.08,-8732603.0,-8.05,-440805.0,-0.41,-680062.0,-0.63,121.0,1.177,1.178,3148479904.0,3708909327,3708909327,2026-08-24,2026-08-24 11:54:04+08:00
510200,上证券商ETF汇安,1.163,1.1642,0.1,0.005,0.43,20044.0,2332528.0,1.154,1.168,1.154,1.158,1.21,1.29,1.45,-82.33,15765.0,4279.0,-225703.0,-9.68,0.0,0.0,-225703.0,-9.68,292972.0,12.56,-67269.0,-2.88,-10.0,1.162,1.164,155385500.0,180713337,180713337,2026-08-24,2026-08-24 11:54:12+08:00
159301,公用事业ETF华夏,0.957,0.9581,0.11,0.004,0.42,78737.0,7535550.2,0.955,0.959,0.953,0.953,0.63,6.46,0.66,39.96,50755.0,27982.0,7412.0,0.1,-942169.0,-12.5,949581.0,12.6,-25798.0,-0.34,18385.0,0.24,-60.0,0.957,0.958,121958357.0,116714148,116714148,2026-08-24,2026-08-24 11:53:51+08:00
159058,证券ETF大成,0.971,0.9727,0.17,0.004,0.41,32660.0,3170699.21,0.968,0.976,0.966,0.967,1.03,2.65,1.0,49.35,16098.0,16562.0,191449.0,6.04,1617075.0,51.0,-1425626.0,-44.96,-49036.0,-1.55,-142412.0,-4.49,-300.0,0.968,0.973,123331247.0,119754641,119754641,2026-08-24,2026-08-24 11:54:39+08:00
515560,证券ETF建信,0.98,0.9804,0.04,0.004,0.41,130654.0,12776773.0,0.977,0.984,0.974,0.976,1.02,6.6,2.06,34.67,61724.0,68930.0,291406.0,2.28,26971.0,0.21,264435.0,2.07,-252090.0,-1.97,-39316.0,-0.31,-1004.0,0.979,0.981,197883300.0,193925634,193925634,2026-08-24,2026-08-24 11:53:57+08:00
560400,证券ETF华泰柏瑞,0.968,0.9688,0.08,0.004,0.41,177072.0,17130839.0,0.964,0.973,0.962,0.964,1.14,9.81,1.67,71.17,104094.0,72978.0,352176.0,2.06,439592.0,2.57,-87416.0,-0.51,-36462.0,-0.21,-315714.0,-1.84,-252.0,0.968,0.97,180493000.0,174717224,174717224,2026-08-24,2026-08-24 11:54:17+08:00
516900,食品饮料ETF华安,0.492,0.4934,0.28,0.002,0.41,23821.0,1170633.0,0.489,0.494,0.488,0.49,1.22,0.85,0.45,-26.48,15967.0,7854.0,389496.0,33.27,6067.0,0.52,383429.0,32.75,-371929.0,-31.77,-17567.0,-1.5,-28.0,0.492,0.493,281729008.0,138610672,138610672,2026-08-24,2026-08-24 11:53:56+08:00
563590,A500红利低波动ETF国寿,0.977,0.9788,0.18,0.004,0.41,574.0,56080.0,0.977,0.977,0.977,0.973,0.0,0.09,0.47,-54.29,3.0,571.0,54516.0,97.21,0.0,0.0,54516.0,97.21,-47189.0,-84.15,-7327.0,-13.07,-88.0,0.977,0.979,61944400.0,60519679,60519679,2026-08-24,2026-08-24 11:54:08+08:00
515010,证券ETF华夏,1.229,1.2291,0.01,0.005,0.41,337509.0,41465243.0,1.227,1.236,1.221,1.224,1.23,1.64,1.41,25.82,188472.0,149037.0,1339023.0,3.23,1226059.0,2.96,112964.0,0.27,-967489.0,-2.33,-371536.0,-0.9,50.0,1.228,1.229,2060771600.0,2532688296,2532688296,2026-08-24,2026-08-24 11:54:12+08:00
516730,证券ETF浦银,0.974,0.9733,-0.07,0.004,0.41,27793.0,2700617.0,0.97,0.978,0.967,0.97,1.13,1.22,1.9,8.71,10721.0,17072.0,612502.0,22.68,93111.0,3.45,519391.0,19.23,-540516.0,-20.01,-71987.0,-2.67,-100.0,0.972,0.974,228380800.0,222442899,222442899,2026-08-24,2026-08-24 11:54:21+08:00
159842,券商ETF银华,1.016,1.0168,0.08,0.004,0.4,2083228.0,211557170.2,1.013,1.022,1.009,1.012,1.28,2.25,1.57,9.84,1055037.0,1028191.0,22096808.0,10.44,10231753.0,4.84,11865055.0,5.61,-19390317.0,-9.17,-2706491.0,-1.28,200.0,1.015,1.016,9259250688.0,9407398699,9407398699,2026-08-24,2026-08-24 11:53:39+08:00
560250,红利质量ETF富国,0.994,0.9942,0.02,0.004,0.4,23309.0,2317863.0,0.996,0.998,0.992,0.99,0.61,1.48,1.79,-89.84,12590.0,10719.0,-21239.0,-0.92,1298891.0,56.04,-1320130.0,-56.95,14696.0,0.63,6542.0,0.28,1807.0,0.993,0.994,157333000.0,156389002,156389002,2026-08-24,2026-08-24 11:54:18+08:00
159655,标普500ETF华夏,2.011,1.8773,-7.12,0.008,0.4,330769.0,66457272.3,2.008,2.015,2.003,2.003,0.6,1.53,0.76,11.66,167075.0,163694.0,-2471493.0,-3.72,2027875.0,3.05,-4499368.0,-6.77,-7570295.0,-11.39,10041788.0,15.11,-205.0,2.011,2.012,2162143040.0,4348069653,4348069653,2026-08-24,2026-08-24 11:54:33+08:00
520660,港股通央企红利ETF南方,1.003,1.0061,0.31,0.004,0.4,501931.0,50405526.0,1.0,1.007,1.0,0.999,0.7,2.18,1.78,-51.01,255963.0,245968.0,3028344.0,6.01,-3673717.0,-7.29,6702061.0,13.3,-355592.0,-0.71,-2672753.0,-5.3,-120.0,1.003,1.004,2300485504.0,2307386961,2307386961,2026-08-24,2026-08-24 11:54:11+08:00
159296,A500红利低波ETF华宝,1.004,1.0043,0.03,0.004,0.4,6739.0,673089.6,0.995,1.004,0.994,1.0,1.0,1.5,0.64,32.48,5607.0,1132.0,96201.0,14.29,0.0,0.0,96201.0,14.29,-45159.0,-6.71,-51042.0,-7.58,23.0,1.002,1.004,45042941.0,45223113,45223113,2026-08-24,2026-08-24 11:54:24+08:00
562850,央企能源ETF嘉实,1.255,1.2561,0.09,0.005,0.4,53404.0,6711917.0,1.251,1.259,1.25,1.25,0.72,2.8,1.62,-17.45,35922.0,17482.0,-860919.0,-12.83,0.0,0.0,-860919.0,-12.83,735597.0,10.96,125322.0,1.87,-40.0,1.254,1.256,190981500.0,239681783,239681783,2026-08-24,2026-08-24 11:53:49+08:00
516530,物流ETF银华,1.028,1.0276,-0.04,0.004,0.39,2872.0,295638.0,1.023,1.035,1.023,1.024,1.17,1.61,0.64,-99.32,741.0,2131.0,3769.0,1.27,308.0,0.1,3461.0,1.17,11498.0,3.89,-15267.0,-5.16,20.0,1.018,1.03,17802300.0,18300764,18300764,2026-08-24,2026-08-24 11:54:14+08:00
512000,券商ETF华宝,0.51,0.5106,0.12,0.002,0.39,15582750.0,794651984.0,0.508,0.513,0.507,0.508,1.18,2.07,1.64,16.26,8592111.0,6990639.0,15397486.0,1.94,23643120.0,2.98,-8245634.0,-1.04,-13985389.0,-1.76,-1412098.0,-0.18,-57.0,0.51,0.511,75111034880.0,38306627789,38306627789,2026-08-24,2026-08-24 11:54:26+08:00
516980,证券先锋ETF华富,1.049,1.0495,0.05,0.004,0.38,14314.0,1501378.0,1.045,1.054,1.041,1.045,1.24,2.41,1.96,-12.64,10982.0,3332.0,202391.0,13.48,-120320.0,-8.01,322711.0,21.49,-255306.0,-17.0,52916.0,3.52,-900.0,1.048,1.049,59516000.0,62432284,62432284,2026-08-24,2026-08-24 11:54:00+08:00
512880,证券ETF国泰,1.067,1.0679,0.08,0.004,0.38,9829205.0,1049170429.0,1.063,1.073,1.061,1.063,1.13,1.67,1.27,-0.82,5288339.0,4540867.0,94233952.0,8.98,115235120.0,10.98,-21001168.0,-2.0,-66628406.0,-6.35,-27605542.0,-2.63,-184.0,1.067,1.068,58913291520.0,62860482052,62860482052,2026-08-24,2026-08-24 11:54:11+08:00
512900,证券ETF南方,1.056,1.0568,0.08,0.004,0.38,447952.0,47290012.0,1.052,1.062,1.049,1.052,1.24,0.6,1.33,-3.28,230129.0,217823.0,5297993.0,11.2,3406859.0,7.2,1891134.0,4.0,-1944021.0,-4.11,-3353972.0,-7.09,-13.0,1.056,1.057,7500406016.0,7920428753,7920428753,2026-08-24,2026-08-24 11:54:11+08:00
515850,证券ETF富国,1.332,1.3317,-0.02,0.005,0.38,327055.0,43514824.0,1.328,1.338,1.323,1.327,1.13,6.77,1.17,22.09,174057.0,152998.0,282367.0,0.65,4916903.0,11.3,-4634536.0,-10.65,184409.0,0.42,-466777.0,-1.07,224.0,1.332,1.333,483291008.0,643743623,643743623,2026-08-24,2026-08-24 11:54:03+08:00
159561,德国ETF嘉实,1.373,1.3776,0.33,0.005,0.37,292805.0,40212690.74,1.374,1.376,1.372,1.368,0.29,2.22,0.86,-48.39,167479.0,125326.0,897164.0,2.23,6774207.0,16.85,-5877043.0,-14.61,-882952.0,-2.2,-14211.0,-0.04,114.0,1.373,1.374,1318499488.0,1810299797,1810299797,2026-08-24,2026-08-24 11:54:30+08:00
159843,食品饮料ETF招商,0.54,0.5406,0.11,0.002,0.37,47337.0,2551589.2,0.538,0.542,0.536,0.538,1.12,0.78,0.77,-31.34,24957.0,22380.0,375115.0,14.7,-217275.0,-8.52,592390.0,23.22,-343781.0,-13.47,-31335.0,-1.23,6.0,0.54,0.541,608955136.0,328835773,328835773,2026-08-24,2026-08-24 11:53:42+08:00
159945,能源ETF广发,1.406,1.4071,0.08,0.005,0.36,28251.0,3955836.6,1.399,1.411,1.39,1.401,1.5,4.41,1.29,-64.52,11848.0,16403.0,592221.0,14.97,0.0,0.0,592221.0,14.97,-550947.0,-13.93,-41275.0,-1.04,-27.0,1.401,1.407,64072327.0,90085692,90085692,2026-08-24,2026-08-24 11:54:09+08:00
159168,有色ETF富国,0.887,0.8861,-0.1,0.003,0.34,297174.0,26457517.825,0.896,0.899,0.883,0.884,1.81,5.56,1.73,70.84,155675.0,141499.0,-1846492.0,-6.98,-87995.0,-0.33,-1758497.0,-6.65,641261.0,2.42,1205230.0,4.56,-57.0,0.887,0.888,534455056.0,474061635,474061635,2026-08-24,2026-08-24 11:54:33+08:00
159201,自由现金流ETF华夏,1.183,1.1824,-0.05,0.004,0.34,1189996.0,140717618.5,1.176,1.188,1.175,1.179,1.1,0.86,1.21,0.61,644105.0,545891.0,13719092.0,9.75,21036993.0,14.95,-7317901.0,-5.2,-7752878.0,-5.51,-5966214.0,-4.24,13.0,1.182,1.183,13820275968.0,16349386470,16349386470,2026-08-24,2026-08-24 11:54:15+08:00
510160,产业升级ETF南方,0.901,0.9032,0.24,0.003,0.33,333.0,30033.0,0.899,0.904,0.898,0.898,0.67,0.02,0.15,5.44,17.0,316.0,26428.0,88.0,0.0,0.0,26428.0,88.0,-18020.0,-60.0,-8408.0,-28.0,-200.0,0.9,0.905,192057400.0,173043717,173043717,2026-08-24,2026-08-24 11:54:22+08:00
563680,800现金流ETF汇添富,1.201,1.201,0.0,0.004,0.33,22903.0,2757653.0,1.201,1.206,1.199,1.197,0.58,2.16,1.26,31.73,5604.0,17299.0,-116608.0,-4.23,482400.0,17.49,-599008.0,-21.72,154523.0,5.6,-37915.0,-1.37,-172.0,1.2,1.201,105959000.0,127256759,127256759,2026-08-24,2026-08-24 11:53:54+08:00
560700,央企红利ETF广发,1.204,1.2042,0.02,0.004,0.33,52550.0,6329680.0,1.2,1.209,1.197,1.2,1.0,1.16,1.6,-26.33,23955.0,28595.0,83162.0,1.31,0.0,0.0,83162.0,1.31,-18860.0,-0.3,-64301.0,-1.02,203.0,1.202,1.205,451536896.0,543650423,543650423,2026-08-24,2026-08-24 11:54:05+08:00
513920,港股通央企红利ETF华安,1.57,1.5678,-0.14,0.005,0.32,286862.0,45022345.0,1.565,1.572,1.564,1.565,0.51,1.11,1.18,8.5,142033.0,144829.0,960343.0,2.13,11152704.0,24.77,-10192361.0,-22.64,171253.0,0.38,-1131597.0,-2.51,70.0,1.569,1.57,2586231008.0,4060382683,4060382683,2026-08-24,2026-08-24 11:53:55+08:00
159689,消费ETF南方,0.629,0.63,0.16,0.002,0.32,41762.0,2622254.5,0.626,0.63,0.624,0.627,0.96,4.63,2.76,-48.92,15369.0,26393.0,60701.0,2.31,-312496.0,-11.92,373197.0,14.23,-76529.0,-2.92,15827.0,0.6,2000.0,0.628,0.63,90147787.0,56702958,56702958,2026-08-24,2026-08-24 11:53:42+08:00
159841,证券ETF天弘,0.968,0.9681,0.01,0.003,0.31,1441081.0,139407108.5,0.964,0.973,0.961,0.965,1.24,1.16,1.16,38.84,773193.0,667888.0,12331147.0,8.85,24989716.0,17.93,-12658569.0,-9.08,-9549659.0,-6.85,-2781488.0,-2.0,25.0,0.967,0.968,12398838528.0,12002075695,12002075695,2026-08-24,2026-08-24 11:53:48+08:00
560970,工业有色ETF平安,0.959,0.9576,-0.15,0.003,0.31,8165.0,789371.0,0.965,0.975,0.958,0.956,1.78,1.22,1.58,-62.7,4099.0,4066.0,179173.0,22.7,0.0,0.0,179173.0,22.7,-214638.0,-27.19,35466.0,4.49,-13.0,0.953,0.963,67138000.0,64385342,64385342,2026-08-24,2026-08-24 11:53:52+08:00
510090,责任ETF建信,2.549,2.5479,-0.04,0.008,0.31,1040.0,264553.0,2.541,2.549,2.537,2.541,0.47,0.43,2.85,-0.85,958.0,82.0,6368.0,2.41,0.0,0.0,6368.0,2.41,0.0,0.0,-6368.0,-2.41,2.0,2.545,2.549,24081100.0,61382724,61382724,2026-08-24,2026-08-24 11:54:28+08:00
159143,港股通央企红利ETF平安,0.962,0.9651,0.32,0.003,0.31,18056.0,1737725.0,0.963,0.968,0.961,0.959,0.73,3.25,1.7,-14.01,8732.0,9324.0,152727.0,8.79,0.0,0.0,152727.0,8.79,-69561.0,-4.0,-83165.0,-4.79,-4.0,0.962,0.963,55554456.0,53443387,53443387,2026-08-24,2026-08-24 11:54:12+08:00
159266,港股央企红利ETF永赢,0.98,0.9827,0.27,0.003,0.31,36403.0,3567726.0,0.978,0.982,0.978,0.977,0.41,1.04,0.75,-84.22,22326.0,14077.0,25709.0,0.72,-868298.0,-24.34,894007.0,25.06,986.0,0.03,-26695.0,-0.75,50.0,0.979,0.98,351710096.0,344675894,344675894,2026-08-24,2026-08-24 11:54:00+08:00
159008,证券ETF景顺,0.996,0.9975,0.15,0.003,0.3,27052.0,2698654.7,0.994,1.003,0.992,0.993,1.11,2.35,0.99,-26.49,19398.0,7654.0,154896.0,5.74,-5084.0,-0.19,159980.0,5.93,24247.0,0.9,-179143.0,-6.64,-285.0,0.996,0.999,115284531.0,114823393,114823393,2026-08-24,2026-08-24 11:54:21+08:00
159928,消费ETF汇添富,0.661,0.6616,0.09,0.002,0.3,3155007.0,208060492.2,0.658,0.663,0.655,0.659,1.21,1.37,1.34,-3.0,1731771.0,1423236.0,4816610.0,2.32,2916375.0,1.4,1900235.0,0.91,-5659445.0,-2.72,842835.0,0.41,1.0,0.66,0.661,23060628992.0,15243075764,15243075764,2026-08-24,2026-08-24 11:54:06+08:00
159399,现金流ETF国泰,1.013,1.0134,0.04,0.003,0.3,756314.0,76586669.59,1.009,1.016,1.007,1.01,0.89,1.71,1.13,-15.1,360992.0,395322.0,1040533.0,1.36,4054414.0,5.29,-3013881.0,-3.94,418130.0,0.55,-1458664.0,-1.9,-5.0,1.013,1.014,4433194752.0,4490826284,4490826284,2026-08-24,2026-08-24 11:54:12+08:00
513400,道琼斯ETF鹏华,1.33,1.313,-1.29,0.004,0.3,753328.0,100286142.0,1.334,1.335,1.329,1.326,0.45,2.84,0.79,-27.05,316440.0,436888.0,4512784.0,4.5,901027.0,0.9,3611757.0,3.6,-2773169.0,-2.77,-1739614.0,-1.73,-1.0,1.33,1.331,2652062000.0,3527242460,3527242460,2026-08-24,2026-08-24 11:53:56+08:00
520990,港股央企红利ETF景顺,1.003,1.0005,-0.25,0.003,0.3,349973.0,35086649.0,0.995,1.006,0.995,1.0,1.1,1.05,0.77,-38.47,186880.0,163093.0,-139412.0,-0.4,-1302291.0,-3.71,1162879.0,3.31,1466232.0,4.18,-1326820.0,-3.78,-49.0,1.003,1.004,3325470496.0,3335446907,3335446907,2026-08-24,2026-08-24 11:53:57+08:00
560190,公用事业ETF鹏华,1.007,1.0077,0.07,0.003,0.3,11755.0,1187200.0,1.005,1.014,0.995,1.004,1.89,6.41,8.75,-6.02,9506.0,2249.0,-924630.0,-77.88,5538.0,0.47,-930168.0,-78.35,127760.0,10.76,796868.0,67.12,-30.0,1.005,1.012,18334000.0,18462338,18462338,2026-08-24,2026-08-24 11:53:53+08:00
159333,港股央企红利ETF万家,1.369,1.3726,0.26,0.004,0.29,42109.0,5767514.1,1.361,1.372,1.361,1.365,0.81,2.05,1.07,-62.12,20575.0,21534.0,97300.0,1.69,0.0,0.0,97300.0,1.69,232505.0,4.03,-329805.0,-5.72,-351.0,1.369,1.371,204952835.0,280580431,280580431,2026-08-24,2026-08-24 11:54:18+08:00
561630,红利质量ETF华泰柏瑞,1.04,1.0411,0.11,0.003,0.29,25839.0,2685869.0,1.036,1.044,1.035,1.037,0.87,5.63,1.1,-12.35,20492.0,5347.0,147756.0,5.5,823319.0,30.65,-675563.0,-25.15,-21812.0,-0.81,-125943.0,-4.69,2074.0,1.038,1.043,45898000.0,47733920,47733920,2026-08-24,2026-08-24 11:54:12+08:00
159569,港股红利低波ETF景顺,1.432,1.4326,0.04,0.004,0.28,333649.0,47750148.1,1.426,1.436,1.423,1.428,0.91,9.14,1.04,-39.79,165119.0,168530.0,622639.0,1.3,-250962.0,-0.53,873601.0,1.83,341327.0,0.71,-963966.0,-2.02,3.0,1.431,1.432,365147248.0,522890859,522890859,2026-08-24,2026-08-24 11:53:39+08:00
560680,消费ETF广发,0.726,0.7268,0.11,0.002,0.28,136124.0,9844180.0,0.724,0.728,0.72,0.724,1.1,4.01,1.46,-4.7,63936.0,72188.0,625519.0,6.35,61488.0,0.62,564031.0,5.73,-532145.0,-5.41,-93374.0,-0.95,4.0,0.725,0.726,339725600.0,246640786,246640786,2026-08-24,2026-08-24 11:54:16+08:00
515040,工业有色ETF华夏,1.075,1.0733,-0.16,0.003,0.28,36497.0,3948519.0,1.082,1.095,1.07,1.072,2.33,6.26,1.13,-66.52,14529.0,21968.0,-191622.0,-4.85,-180286.0,-4.57,-11336.0,-0.29,-59966.0,-1.52,251588.0,6.37,10.0,1.074,1.078,58319600.0,62693570,62693570,2026-08-24,2026-08-24 11:53:57+08:00
512570,证券ETF易方达,1.074,1.0744,0.04,0.003,0.28,1050098.0,112683532.0,1.071,1.079,1.067,1.071,1.12,2.5,1.38,12.95,600744.0,449354.0,3121335.0,2.77,7563053.0,6.71,-4441718.0,-3.94,-2516394.0,-2.23,-604942.0,-0.54,116.0,1.073,1.074,4199806096.0,4510591747,4510591747,2026-08-24,2026-08-24 11:54:07+08:00
159223,现金流ETF永赢,1.139,1.1404,0.12,0.003,0.26,47193.0,5375218.8,1.136,1.143,1.136,1.136,0.62,2.61,1.67,1.73,22835.0,24358.0,217382.0,4.04,47071.0,0.88,170311.0,3.17,-188572.0,-3.51,-28812.0,-0.54,-1.0,1.139,1.14,180844755.0,205982176,205982176,2026-08-24,2026-08-24 11:54:39+08:00
159207,高股息ETF广发,1.144,1.1445,0.04,0.003,0.26,573713.0,65510944.7,1.14,1.146,1.136,1.141,0.88,2.61,0.93,-53.8,314961.0,258752.0,444161.0,0.68,2618481.0,4.0,-2174320.0,-3.32,243878.0,0.37,-688040.0,-1.05,-1923.0,1.144,1.145,2194483344.0,2510488946,2510488946,2026-08-24,2026-08-24 11:53:45+08:00
563900,300自由现金流ETF摩根,1.175,1.1751,0.01,0.003,0.26,174856.0,20553499.0,1.172,1.18,1.171,1.172,0.77,3.71,1.5,13.55,85724.0,89132.0,-440019.0,-2.14,965704.0,4.7,-1405723.0,-6.84,32981.0,0.16,407038.0,1.98,76.0,1.173,1.176,470965696.0,553384693,553384693,2026-08-24,2026-08-24 11:54:09+08:00
159692,证券ETF东财,1.194,1.1949,0.08,0.003,0.25,355481.0,42420254.4,1.192,1.2,1.186,1.191,1.18,2.28,1.03,-17.09,193213.0,162268.0,2586954.0,6.1,2013138.0,4.75,573816.0,1.35,-182794.0,-0.43,-2404161.0,-5.67,-2.0,1.194,1.195,1558455968.0,1860796426,1860796426,2026-08-24,2026-08-24 11:54:18+08:00
159268,港股通消费ETF汇添富,0.792,0.793,0.13,0.002,0.25,53063.0,4195028.0,0.791,0.794,0.787,0.79,0.89,1.34,0.4,12.03,26368.0,26695.0,239043.0,5.7,0.0,0.0,239043.0,5.7,-253962.0,-6.05,14918.0,0.36,1.0,0.791,0.792,397055024.0,314467579,314467579,2026-08-24,2026-08-24 11:54:15+08:00
510810,上海国企ETF汇添富,0.832,0.8326,0.07,0.002,0.24,51145.0,4254468.0,0.83,0.834,0.83,0.83,0.48,0.09,1.84,-5.51,9916.0,41229.0,-215697.0,-5.07,-621807.0,-14.62,406110.0,9.55,191462.0,4.5,24236.0,0.57,190.0,0.832,0.833,5964093696.0,4962125955,4962125955,2026-08-24,2026-08-24 11:54:14+08:00
561960,央企回报ETF招商,1.275,1.2764,0.11,0.003,0.24,2440.0,311742.0,1.276,1.28,1.275,1.272,0.39,0.43,1.33,-97.84,1604.0,836.0,177706.0,57.0,-127.0,-0.04,177833.0,57.04,-167612.0,-53.77,-10094.0,-3.24,-30.0,1.273,1.279,57385200.0,73166130,73166130,2026-08-24,2026-08-24 11:54:00+08:00
159162,工业有色ETF鹏华,0.848,0.8481,0.01,0.002,0.24,56037.0,4781796.6,0.856,0.86,0.845,0.846,1.77,1.28,1.21,36.85,27206.0,28831.0,-468642.0,-9.8,388897.0,8.13,-857539.0,-17.93,361727.0,7.56,106916.0,2.24,50.0,0.846,0.848,438939840.0,372220984,372220984,2026-08-24,2026-08-24 11:54:12+08:00
561260,能源ETF工银,1.24,1.2409,0.07,0.003,0.24,24352.0,3021807.0,1.218,1.243,1.218,1.237,2.02,10.19,1.12,0.03,11856.0,12496.0,92986.0,3.08,0.0,0.0,92986.0,3.08,-99200.0,-3.28,6215.0,0.21,2000.0,1.24,1.241,23895200.0,29630048,29630048,2026-08-24,2026-08-24 11:53:57+08:00
159222,自由现金流ETF易方达,1.266,1.266,0.0,0.003,0.24,509381.0,64454122.7,1.262,1.27,1.26,1.263,0.79,2.88,1.58,-55.91,285220.0,224161.0,-404077.0,-0.63,-2181774.0,-3.39,1777697.0,2.76,739738.0,1.15,-335661.0,-0.52,300.0,1.264,1.266,1771370400.0,2242554926,2242554926,2026-08-24,2026-08-24 11:54:03+08:00
159848,证券ETF国联安,0.851,0.8511,0.01,0.002,0.24,9604.0,816381.6,0.85,0.854,0.846,0.849,0.94,0.6,0.62,-1.85,5418.0,4186.0,208096.0,25.49,0.0,0.0,208096.0,25.49,-189094.0,-23.16,-19002.0,-2.33,-70.0,0.851,0.852,158811239.0,135148364,135148364,2026-08-24,2026-08-24 11:54:15+08:00
159166,现金流ETF长城,0.859,0.8604,0.16,0.002,0.23,1728.0,148721.0,0.857,0.862,0.857,0.857,0.58,0.03,0.3,-77.49,157.0,1571.0,53469.0,35.95,0.0,0.0,53469.0,35.95,-25780.0,-17.33,-27689.0,-18.62,-400.0,0.857,0.86,566816064.0,486894999,486894999,2026-08-24,2026-08-24 11:54:33+08:00
562870,证券ETF嘉实,0.905,0.9068,0.2,0.002,0.22,54034.0,4899729.0,0.906,0.91,0.9,0.903,1.11,0.89,1.12,-13.96,28876.0,25158.0,381797.0,7.79,862509.0,17.6,-480712.0,-9.81,-341104.0,-6.96,-40693.0,-0.83,-50.0,0.905,0.906,604005200.0,546624706,546624706,2026-08-24,2026-08-24 11:54:07+08:00
560370,红利质量ETF易方达,0.9,0.9007,0.08,0.002,0.22,8301.0,747914.0,0.9,0.904,0.897,0.898,0.78,0.46,1.09,3.88,2869.0,5432.0,60548.0,8.1,0.0,0.0,60548.0,8.1,-70536.0,-9.43,9988.0,1.34,22.0,0.899,0.9,178584000.0,160725600,160725600,2026-08-24,2026-08-24 11:54:08+08:00
159118,港股通红利低波ETF华夏,0.972,0.9721,0.01,0.002,0.21,22733.0,2207550.1,0.972,0.973,0.969,0.97,0.41,3.26,1.68,43.02,10517.0,12216.0,-81730.0,-3.7,0.0,0.0,-81730.0,-3.7,16626.0,0.75,65103.0,2.95,225.0,0.971,0.973,69677020.0,67726063,67726063,2026-08-24,2026-08-24 11:54:27+08:00
560060,碳中和ETF汇添富,0.934,0.9238,-1.1,0.002,0.21,44.0,4107.0,0.932,0.941,0.932,0.932,0.97,0.01,0.01,65.42,42.0,2.0,1866.0,45.43,0.0,0.0,1866.0,45.43,1864.0,45.39,-3730.0,-90.82,22.0,0.913,0.94,76090000.0,71068060,71068060,2026-08-24,2026-08-24 11:54:12+08:00
159281,港股央企红利ETF天弘,0.965,0.9736,0.88,0.002,0.21,144768.0,13983472.2,0.964,0.969,0.964,0.963,0.52,5.88,1.09,-26.61,71287.0,73481.0,541385.0,3.87,1344537.0,9.62,-803152.0,-5.74,-458618.0,-3.28,-82767.0,-0.59,-45.0,0.965,0.966,246233059.0,237614902,237614902,2026-08-24,2026-08-24 11:54:09+08:00
159188,红利100ETF景顺,0.941,0.9423,0.14,0.002,0.21,1868.0,175724.923,0.939,0.946,0.939,0.939,0.75,0.28,1.02,-78.55,270.0,1598.0,119253.0,67.86,-12154.0,-6.92,131407.0,74.78,-123443.0,-70.25,4191.0,2.38,-80.0,0.939,0.946,66601882.0,62672371,62672371,2026-08-24,2026-08-24 11:54:09+08:00
159117,港股通红利低波ETF鹏华,1.02,1.019,-0.1,0.002,0.2,18461.0,1879612.3,1.02,1.021,1.017,1.018,0.39,3.01,1.27,-86.23,7836.0,10625.0,-95376.0,-5.07,0.0,0.0,-95376.0,-5.07,129257.0,6.88,-33881.0,-1.8,129.0,1.018,1.02,61401153.0,62629176,62629176,2026-08-24,2026-08-24 11:54:06+08:00
159662,交运ETF南方,0.983,0.9837,0.07,0.002,0.2,12743.0,1253699.5,0.981,0.987,0.981,0.981,0.61,1.55,0.5,-2.03,7542.0,5201.0,184215.0,14.69,5514.0,0.44,178701.0,14.25,-85448.0,-6.82,-98768.0,-7.88,-88.0,0.982,0.984,82113946.0,80718009,80718009,2026-08-24,2026-08-24 11:54:24+08:00
513500,标普500ETF博时,2.677,2.4606,-8.79,0.005,0.19,538587.0,144347144.0,2.683,2.695,2.672,2.672,0.86,0.53,0.64,-28.57,262841.0,275746.0,-14708703.0,-10.19,-3933641.0,-2.73,-10775062.0,-7.46,6199653.0,4.29,8509050.0,5.89,-390.0,2.677,2.679,10207638528.0,27325848339,27325848339,2026-08-24,2026-08-24 11:54:16+08:00
516950,基建ETF银华,1.028,1.0272,-0.08,0.002,0.19,39680.0,4076843.0,1.026,1.032,1.025,1.026,0.68,3.65,1.09,-9.07,21649.0,18031.0,-443122.0,-10.87,0.0,0.0,-443122.0,-10.87,-105289.0,-2.58,548412.0,13.45,69.0,1.027,1.028,108821000.0,111867988,111867988,2026-08-24,2026-08-24 11:54:01+08:00
517090,央企共赢ETF国泰,1.596,1.5997,0.23,0.003,0.19,10106.0,1609920.0,1.584,1.597,1.583,1.593,0.88,1.83,0.89,18.54,7320.0,2786.0,288412.0,17.91,0.0,0.0,288412.0,17.91,-295311.0,-18.34,6899.0,0.43,1.0,1.595,1.597,55075000.0,87899700,87899700,2026-08-24,2026-08-24 11:54:17+08:00
159091,港股通金融ETF易方达,1.069,1.0684,-0.06,0.002,0.19,21711.0,2322775.976,1.063,1.073,1.063,1.067,0.94,7.65,0.88,12.06,12338.0,9373.0,-157988.0,-6.8,0.0,0.0,-157988.0,-6.8,156220.0,6.73,1769.0,0.08,-230.0,1.069,1.071,28374196.0,30332016,30332016,2026-08-24,2026-08-24 11:54:06+08:00
561420,300现金流ETF汇添富,1.099,1.099,0.0,0.002,0.18,39962.0,4390866.0,1.095,1.103,1.095,1.097,0.73,0.39,1.26,-3.49,18351.0,21611.0,131598.0,3.0,932036.0,21.23,-800438.0,-18.23,-109635.0,-2.5,-21963.0,-0.5,100.0,1.098,1.099,1019237008.0,1120141472,1120141472,2026-08-24,2026-08-24 11:53:46+08:00
563580,自由现金流800ETF万家,1.13,1.1304,0.04,0.002,0.18,56403.0,6376740.0,1.121,1.136,1.118,1.128,1.6,2.3,1.72,1.77,22362.0,34041.0,348598.0,5.47,453867.0,7.12,-105269.0,-1.65,-436326.0,-6.84,87728.0,1.38,19.0,1.128,1.131,245648000.0,277582240,277582240,2026-08-24,2026-08-24 11:53:46+08:00
512600,消费ETF嘉实,0.569,0.5708,0.32,0.001,0.18,226757.0,12851593.0,0.568,0.57,0.564,0.568,1.06,1.32,1.5,-3.41,95261.0,131496.0,481860.0,3.75,-846666.0,-6.59,1328526.0,10.34,-507284.0,-3.95,25423.0,0.2,1.0,0.567,0.569,1720756096.0,979110219,979110219,2026-08-24,2026-08-24 11:54:05+08:00
159276,现金流ETF汇添富,1.101,1.1023,0.12,0.002,0.18,8769.0,966202.2,1.098,1.105,1.098,1.099,0.64,0.16,0.04,60.41,6634.0,2135.0,-95416.0,-9.88,165931.0,17.17,-261347.0,-27.05,110130.0,11.4,-14714.0,-1.52,1500.0,1.101,1.105,558696656.0,615125018,615125018,2026-08-24,2026-08-24 11:54:15+08:00
159993,证券ETF鹏华,1.153,1.1538,0.07,0.002,0.17,462406.0,53431345.7,1.152,1.163,1.146,1.151,1.48,1.39,1.43,52.97,243192.0,219214.0,4731459.0,8.86,6740684.0,12.62,-2009225.0,-3.76,-1542454.0,-2.89,-3189004.0,-5.97,-139.0,1.153,1.154,3315197984.0,3822423276,3822423276,2026-08-24,2026-08-24 11:53:36+08:00
159232,自由现金流ETF南方,1.198,1.1984,0.03,0.002,0.17,1021059.0,122414495.7,1.194,1.203,1.194,1.196,0.75,4.81,1.45,-13.86,475540.0,545519.0,-10202702.0,-8.33,-6364534.0,-5.2,-3838168.0,-3.14,6339704.0,5.18,3862998.0,3.16,15.0,1.197,1.198,2122948560.0,2543292375,2543292375,2026-08-24,2026-08-24 11:53:48+08:00
560090,证券ETF汇添富,1.145,1.1464,0.12,0.002,0.17,629776.0,72154551.0,1.141,1.152,1.138,1.143,1.22,2.61,1.56,10.55,358590.0,271186.0,3386642.0,4.69,8889736.0,12.32,-5503094.0,-7.63,-2556523.0,-3.54,-830119.0,-1.15,-1740.0,1.145,1.146,2412865008.0,2762730434,2762730434,2026-08-24,2026-08-24 11:53:52+08:00
512130,全指现金流ETF鹏华,1.17,1.1716,0.14,0.002,0.17,3930.0,461062.0,1.18,1.18,1.17,1.168,0.86,2.83,0.58,36.68,3627.0,303.0,-173527.0,-37.64,0.0,0.0,-173527.0,-37.64,100914.0,21.89,72613.0,15.75,18.0,1.168,1.174,13895000.0,16257150,16257150,2026-08-24,2026-08-24 11:54:08+08:00
159220,港股通红利低波ETF华宝,0.588,0.5877,-0.05,0.001,0.17,235449.0,13829845.1,0.586,0.589,0.586,0.587,0.51,4.83,1.69,32.13,138618.0,96831.0,285350.0,2.06,114229.0,0.83,171121.0,1.24,-175054.0,-1.27,-110296.0,-0.8,1967.0,0.587,0.588,487569520.0,286690878,286690878,2026-08-24,2026-08-24 11:53:54+08:00
562080,300现金流ETF华宝,0.624,0.6251,0.18,0.001,0.16,505692.0,31600446.0,0.625,0.628,0.62,0.623,1.28,8.42,2.03,-57.69,204474.0,301218.0,1074224.0,3.4,1859875.0,5.89,-785651.0,-2.49,-141077.0,-0.45,-933147.0,-2.95,-122.0,0.624,0.625,600757200.0,374872493,374872493,2026-08-24,2026-08-24 11:54:12+08:00
159225,现金流ETF银华,1.241,1.2423,0.1,0.002,0.16,3478.0,431320.4,1.238,1.243,1.238,1.239,0.4,0.13,0.23,-90.0,2358.0,1120.0,-8982.0,-2.08,32683.0,7.58,-41665.0,-9.66,8852.0,2.05,130.0,0.03,2.0,1.227,1.243,264744804.0,328548302,328548302,2026-08-24,2026-08-24 11:53:57+08:00
159691,港股红利ETF工银,1.228,1.2276,-0.03,0.002,0.16,781962.0,95957794.9,1.227,1.231,1.223,1.226,0.65,2.16,1.51,22.9,429039.0,352923.0,2801695.0,2.92,-4561611.0,-4.75,7363306.0,7.67,-1367286.0,-1.42,-1434408.0,-1.49,-416.0,1.228,1.229,3616301392.0,4440818109,4440818109,2026-08-24,2026-08-24 11:53:51+08:00
562060,标普A股红利ETF华宝,0.61,0.6106,0.1,0.001,0.16,344198.0,21041987.0,0.609,0.613,0.607,0.609,0.99,0.67,1.16,-16.51,209265.0,134933.0,1978918.0,9.4,2321341.0,11.03,-342423.0,-1.63,-1912468.0,-9.09,-66451.0,-0.32,-133.0,0.61,0.611,5127792640.0,3127953510,3127953510,2026-08-24,2026-08-24 11:54:12+08:00
159163,有色ETF泰康,0.79,0.7898,-0.03,0.001,0.13,51345.0,4096033.546,0.799,0.805,0.787,0.789,2.28,1.92,1.42,-25.26,25793.0,25552.0,277429.0,6.77,-121082.0,-2.96,398511.0,9.73,-268935.0,-6.57,-8494.0,-0.21,370.0,0.788,0.799,266807013.0,210777540,210777540,2026-08-24,2026-08-24 11:54:30+08:00
513910,港股通央企红利ETF华夏,1.579,1.5766,-0.15,0.002,0.13,449474.0,71103164.0,1.577,1.588,1.577,1.577,0.7,2.26,1.34,-48.65,203043.0,246431.0,1563390.0,2.2,-5295361.0,-7.45,6858751.0,9.65,1006486.0,1.42,-2569875.0,-3.61,34.0,1.578,1.579,1988276000.0,3139487804,3139487804,2026-08-24,2026-08-24 11:54:14+08:00
159260,证券ETF博时,0.843,0.8443,0.15,0.001,0.12,50126.0,4235090.1,0.842,0.849,0.838,0.842,1.31,0.48,0.43,-15.8,26673.0,23453.0,66063.0,1.56,14217.0,0.34,51846.0,1.22,-26432.0,-0.62,-39631.0,-0.94,-20.0,0.844,0.845,1035213584.0,872685051,872685051,2026-08-24,2026-08-24 11:54:06+08:00
513630,港股低波红利ETF摩根,1.605,1.5982,-0.43,0.002,0.12,853524.0,137182483.0,1.602,1.612,1.601,1.603,0.69,1.15,1.17,8.4,419170.0,434354.0,-1511741.0,-1.1,6918449.0,5.04,-8430190.0,-6.15,-810318.0,-0.59,2322060.0,1.69,-2.0,1.605,1.607,7442359040.0,11944986259,11944986259,2026-08-24,2026-08-24 11:53:54+08:00
159157,有色金属ETF天弘,0.853,0.8527,-0.04,0.001,0.12,1204892.0,103290117.092,0.862,0.865,0.85,0.852,1.76,1.51,1.97,27.57,491100.0,713792.0,-1963781.0,-1.9,-13812824.0,-13.37,11849043.0,11.47,1771394.0,1.71,192387.0,0.19,311.0,0.852,0.853,7974758656.0,6802469134,6802469134,2026-08-24,2026-08-24 11:53:54+08:00
510010,180治理ETF交银,1.756,1.7618,0.33,0.002,0.11,406.0,71604.0,1.762,1.766,1.749,1.754,0.97,0.03,7.89,-20.39,357.0,49.0,-44400.0,-62.01,0.0,0.0,-44400.0,-62.01,52980.0,73.99,-8581.0,-11.98,-1.0,1.749,1.766,130524400.0,229200846,229200846,2026-08-24,2026-08-24 11:54:12+08:00
561320,交运ETF国泰,0.951,0.9508,-0.02,0.001,0.11,7304.0,695237.0,0.95,0.954,0.945,0.95,0.95,2.13,1.22,-96.32,937.0,6367.0,-88715.0,-12.76,0.0,0.0,-88715.0,-12.76,100862.0,14.51,-12149.0,-1.75,-50.0,0.949,0.952,34369000.0,32684919,32684919,2026-08-24,2026-08-24 11:54:03+08:00
510060,央企ETF工银,2.616,2.6271,0.42,0.003,0.11,143.0,37456.0,2.616,2.625,2.616,2.613,0.34,0.04,0.16,-95.41,130.0,13.0,3407.0,9.1,0.0,0.0,3407.0,9.1,0.0,0.0,-3408.0,-9.1,-1.0,2.588,2.623,35959200.0,94069267,94069267,2026-08-24,2026-08-24 11:54:09+08:00
159881,有色金属ETF国泰,0.947,0.9458,-0.13,0.001,0.11,151524.0,14451853.3,0.956,0.964,0.941,0.946,2.43,7.45,1.93,59.35,64912.0,86612.0,45945.0,0.32,1605971.0,11.11,-1560026.0,-10.79,-326310.0,-2.26,280365.0,1.94,2.0,0.946,0.95,203499166.0,192713710,192713710,2026-08-24,2026-08-24 11:54:30+08:00
515460,红利质量ETF南方,0.913,0.9156,0.28,0.001,0.11,129862.0,11876350.0,0.917,0.919,0.912,0.912,0.77,4.65,1.51,-1.59,50159.0,79703.0,83884.0,0.71,-629564.0,-5.3,713448.0,6.01,11000.0,0.09,-94884.0,-0.8,2500.0,0.914,0.915,279091008.0,254810090,254810090,2026-08-24,2026-08-24 11:54:14+08:00
560870,工业有色ETF中银,0.938,0.9384,0.04,0.001,0.11,76527.0,7219999.0,0.938,0.952,0.935,0.937,1.81,8.03,1.4,-62.97,42442.0,34085.0,560114.0,7.76,1889035.0,26.16,-1328921.0,-18.41,-466584.0,-6.46,-93531.0,-1.3,55.0,0.935,0.941,95351900.0,89440082,89440082,2026-08-24,2026-08-24 11:53:59+08:00
560470,有色ETF易方达,0.931,0.93,-0.11,0.001,0.11,94661.0,8853315.0,0.936,0.947,0.927,0.93,2.15,3.05,1.39,78.94,46481.0,48180.0,-187791.0,-2.12,458446.0,5.18,-646237.0,-7.3,-621862.0,-7.02,809653.0,9.15,111.0,0.929,0.936,310340000.0,288926540,288926540,2026-08-24,2026-08-24 11:53:50+08:00
512400,有色金属ETF南方,1.948,1.9469,-0.06,0.002,0.1,5365029.0,1052615901.0,1.973,1.984,1.939,1.946,2.31,4.04,1.81,75.42,2503567.0,2861462.0,-172066341.0,-16.35,-68205989.0,-6.48,-103860352.0,-9.87,26575010.0,2.52,145491335.0,13.82,8.0,1.947,1.948,13282039040.0,25873412050,25873412050,2026-08-24,2026-08-24 11:54:10+08:00
159876,有色ETF华宝,1.01,1.0103,0.03,0.001,0.1,719599.0,73188818.5,1.021,1.028,1.005,1.009,2.28,4.16,1.45,-4.99,358151.0,361448.0,6931429.0,9.47,-391744.0,-0.54,7323173.0,10.01,-2692933.0,-3.68,-4238495.0,-5.79,20.0,1.01,1.014,1731577024.0,1748892794,1748892794,2026-08-24,2026-08-24 11:54:24+08:00
159277,港股通红利ETF富国,1.013,1.0137,0.07,0.001,0.1,16893.0,1710414.6,1.006,1.014,1.006,1.012,0.79,4.27,0.74,-90.67,9642.0,7251.0,240729.0,14.07,0.0,0.0,240729.0,14.07,-242613.0,-14.18,1884.0,0.11,-457.0,1.01,1.014,39557011.0,40071252,40071252,2026-08-24,2026-08-24 11:54:24+08:00
159016,证券ETF广发,0.996,0.996,0.0,0.001,0.1,143535.0,14294872.5,0.992,1.001,0.989,0.995,1.21,3.74,1.15,-52.86,80397.0,63138.0,550598.0,3.85,907494.0,6.35,-356896.0,-2.5,-1004359.0,-7.03,453762.0,3.17,-3.0,0.996,0.998,384040160.0,382503999,382503999,2026-08-24,2026-08-24 11:54:09+08:00
159119,800现金流ETF招商,0.979,0.9796,0.06,0.001,0.1,48976.0,4800739.7,0.978,0.984,0.977,0.978,0.72,3.18,1.47,-7.26,19364.0,29612.0,221697.0,4.62,-20624.0,-0.43,242321.0,5.05,-224419.0,-4.67,2723.0,0.06,-5.0,0.979,0.98,154054229.0,150819090,150819090,2026-08-24,2026-08-24 11:54:09+08:00
563760,全指现金流ETF中银,1.173,1.1723,-0.06,0.001,0.09,591342.0,69411483.0,1.182,1.182,1.17,1.172,1.02,7.78,1.53,24.44,241854.0,349488.0,-7173424.0,-10.33,-8670860.0,-12.49,1497436.0,2.16,4444633.0,6.4,2728791.0,3.93,2050.0,1.172,1.173,759913200.0,891378184,891378184,2026-08-24,2026-08-24 11:53:43+08:00
563830,全指现金流ETF博时,1.166,1.1696,0.31,0.001,0.09,5743.0,670573.0,1.171,1.174,1.166,1.165,0.69,0.42,0.3,0.0,402.0,5341.0,203502.0,30.35,0.0,0.0,203502.0,30.35,-203268.0,-30.31,-232.0,-0.03,-2000.0,1.168,1.169,137896000.0,160786736,160786736,2026-08-24,2026-08-24 11:54:06+08:00
563780,现金流全指ETF方正富邦,1.219,1.2191,0.01,0.001,0.08,23580.0,2878074.0,1.218,1.223,1.217,1.218,0.49,0.94,1.96,44.55,10102.0,13478.0,-283163.0,-9.84,0.0,0.0,-283163.0,-9.84,225855.0,7.85,57308.0,1.99,-1.0,1.217,1.22,250027100.0,304783035,304783035,2026-08-24,2026-08-24 11:53:45+08:00
516910,物流ETF富国,1.194,1.194,0.0,0.001,0.08,83669.0,10037916.0,1.193,1.204,1.193,1.193,0.92,14.03,1.29,-8.9,40960.0,42709.0,-2003993.0,-19.96,-565517.0,-5.63,-1438476.0,-14.33,1229598.0,12.25,774395.0,7.71,-54.0,1.194,1.195,59641800.0,71212309,71212309,2026-08-24,2026-08-24 11:54:08+08:00
516460,现金流ETF800鹏华,1.232,1.2339,0.15,0.001,0.08,25839.0,3189247.0,1.232,1.239,1.232,1.231,0.57,0.61,1.26,1.42,8124.0,17715.0,5832.0,0.18,870686.0,27.3,-864854.0,-27.12,24640.0,0.77,-30473.0,-0.96,-200.0,1.233,1.234,423693008.0,521989786,521989786,2026-08-24,2026-08-24 11:54:03+08:00
159233,自由现金流ETF平安,1.195,1.1962,0.1,0.001,0.08,188796.0,22594548.5,1.2,1.201,1.192,1.194,0.75,3.02,1.31,-32.08,71681.0,117115.0,177947.0,0.79,129127.0,0.57,48820.0,0.22,94598.0,0.42,-272545.0,-1.21,-1600.0,1.195,1.196,625623424.0,747619992,747619992,2026-08-24,2026-08-24 11:54:03+08:00
513080,法国ETF华安,1.79,1.7944,0.25,0.001,0.06,120112.0,21516900.0,1.794,1.795,1.789,1.789,0.34,1.84,0.83,-35.68,42273.0,77839.0,-3312014.0,-15.39,-2771489.0,-12.88,-540525.0,-2.51,2468566.0,11.47,843449.0,3.92,1619.0,1.789,1.79,653916000.0,1170509640,1170509640,2026-08-24,2026-08-24 11:54:24+08:00
516650,有色金属ETF华夏,1.903,1.9038,0.04,0.001,0.05,1194539.0,228996685.0,1.925,1.941,1.895,1.902,2.42,2.28,2.29,-1.73,653379.0,541160.0,-5443537.0,-2.38,-18406023.0,-8.04,12962486.0,5.66,6210571.0,2.71,-767034.0,-0.33,-33.0,1.903,1.905,5244464896.0,9980216697,9980216697,2026-08-24,2026-08-24 11:53:52+08:00
560490,工业有色ETF华泰柏瑞,0.971,0.972,0.1,0.0,0.0,87397.0,8525149.0,0.985,0.987,0.967,0.971,2.06,7.5,1.66,-52.26,30203.0,57194.0,850679.0,9.98,0.0,0.0,850679.0,9.98,-865016.0,-10.15,14337.0,0.17,2475.0,0.97,0.98,116482000.0,113104022,113104022,2026-08-24,2026-08-24 11:54:07+08:00
159221,现金流ETF嘉实,1.172,1.174,0.17,0.0,0.0,164055.0,19248205.7,1.172,1.177,1.168,1.172,0.77,1.44,0.99,-31.27,70535.0,93520.0,219204.0,1.14,1913999.0,9.94,-1694795.0,-8.8,-243485.0,-1.26,24281.0,0.13,-59.0,1.171,1.174,1140013232.0,1336095508,1336095508,2026-08-24,2026-08-24 11:54:42+08:00
159235,中证现金流ETF大成,1.224,1.2241,0.01,0.0,0.0,422326.0,51764944.7,1.227,1.23,1.222,1.224,0.65,2.19,1.96,-12.37,170490.0,251836.0,-7493631.0,-14.48,-653693.0,-1.26,-6839938.0,-13.21,4283827.0,8.28,3209803.0,6.2,-1629.0,1.224,1.227,1925729552.0,2357092972,2357092972,2026-08-24,2026-08-24 11:53:51+08:00
511600,华安日日鑫ETF,99.999,,0.0,-0.004,0.0,246.0,2460493.0,99.998,100.0,99.997,100.003,0.0,3.14,1.13,-26.94,238.0,8.0,-99900.0,-4.06,809996.0,32.92,-909896.0,-36.98,79999.0,3.25,19900.0,0.81,-1.0,99.999,100.0,782400.0,78239218,78239218,2026-08-24,2026-08-24 11:54:11+08:00
511980,货币ETF汇添富,100.043,,-0.04,0.0,0.0,7.0,70033.0,100.054,100.054,100.043,100.043,0.01,0.29,1.4,24.29,2.0,5.0,0.0,0.0,0.0,0.0,0.0,0.0,0.0,0.0,0.0,0.0,-1.0,100.043,100.045,241000.0,24110363,24110363,2026-08-24,2026-08-24 11:54:28+08:00
511960,货币ETF嘉实,100.0,,0.0,-0.003,0.0,116.0,1160041.0,100.003,100.004,100.0,100.003,0.0,4.45,1.05,-29.92,113.0,3.0,-70000.0,-6.03,-70000.0,-6.03,0.0,0.0,100000.0,8.62,-30000.0,-2.59,1.0,99.999,100.001,260900.0,26090000,26090000,2026-08-24,2026-08-24 11:54:14+08:00
560860,工业有色ETF万家,1.631,1.6324,0.09,0.0,0.0,1113462.0,182962054.0,1.652,1.659,1.625,1.631,2.08,1.97,1.41,4.18,633645.0,479817.0,4262584.0,2.33,2331946.0,1.27,1930638.0,1.06,-1281615.0,-0.7,-2980970.0,-1.63,-250.0,1.631,1.633,5666233088.0,9241626167,9241626167,2026-08-24,2026-08-24 11:54:05+08:00
159001,货币ETF易方达,100.0,,0.0,0.0,0.0,24159.0,241585416.334,100.0,100.0,99.999,100.0,0.0,7.77,0.59,4.18,12314.0,11845.0,-2071788.0,-0.86,-15707860.0,-6.5,13636072.0,5.64,1979992.0,0.82,91795.0,0.04,4.0,99.999,100.0,31091972.0,3109197200,3109197200,2026-08-24,2026-08-24 11:54:15+08:00
561490,红利质量ETF财通,1.017,1.0201,0.3,0.0,0.0,56920.0,5796151.0,1.017,1.023,1.015,1.017,0.79,5.89,1.09,5.51,34674.0,22246.0,322431.0,5.56,1034747.0,17.85,-712316.0,-12.29,-143686.0,-2.48,-178744.0,-3.08,-359.0,1.017,1.018,96631300.0,98274032,98274032,2026-08-24,2026-08-24 11:53:51+08:00
159930,能源ETF汇添富,1.76,1.7594,-0.03,0.0,0.0,236136.0,41462596.0,1.749,1.767,1.739,1.76,1.59,4.53,0.97,-18.7,122556.0,113580.0,838541.0,2.02,-324458.0,-0.78,1162999.0,2.8,2438227.0,5.88,-3276769.0,-7.9,4.0,1.758,1.761,520898144.0,916780733,916780733,2026-08-24,2026-08-24 11:54:27+08:00
560290,有色ETF景顺,0.85,0.8511,0.13,0.0,0.0,99617.0,8543375.0,0.86,0.867,0.847,0.85,2.35,2.69,2.71,81.72,32907.0,66710.0,918669.0,10.75,1877926.0,21.98,-959257.0,-11.23,-576150.0,-6.74,-342520.0,-4.01,-17.0,0.85,0.851,370694000.0,315089900,315089900,2026-08-24,2026-08-24 11:54:18+08:00
513830,港股通高股息ETF嘉实,1.227,1.2307,0.3,0.0,0.0,21399.0,2625319.0,1.224,1.233,1.224,1.227,0.73,3.87,2.38,-96.39,3088.0,18311.0,-300927.0,-11.46,0.0,0.0,-300927.0,-11.46,441531.0,16.82,-140603.0,-5.36,-82.0,1.225,1.228,55311000.0,67866597,67866597,2026-08-24,2026-08-24 11:54:01+08:00
159726,港股通高股息ETF华夏,1.371,1.3758,0.35,0.0,0.0,18734.0,2570859.5,1.378,1.381,1.369,1.371,0.88,0.73,0.55,-67.33,7684.0,11050.0,887548.0,34.52,-24029.0,-0.93,911577.0,35.46,-507227.0,-19.73,-380321.0,-14.79,-51.0,1.37,1.372,257911380.0,353596502,353596502,2026-08-24,2026-08-24 11:54:24+08:00
520520,恒生消费ETF华泰柏瑞,0.972,0.971,-0.1,0.0,0.0,4458.0,432289.0,0.972,0.973,0.966,0.972,0.72,0.82,0.37,10.92,985.0,3473.0,46605.0,10.78,0.0,0.0,46605.0,10.78,-50416.0,-11.66,3812.0,0.88,1.0,0.969,0.975,54606000.0,53077032,53077032,2026-08-24,2026-08-24 11:54:11+08:00
512940,有色ETF华安,0.867,0.8671,0.01,0.0,0.0,412305.0,35890136.0,0.88,0.884,0.863,0.867,2.42,1.91,1.47,49.46,193905.0,218400.0,-373161.0,-1.04,-1255505.0,-3.5,882344.0,2.46,687450.0,1.92,-314290.0,-0.88,-322.0,0.867,0.871,2161705008.0,1874198242,1874198242,2026-08-24,2026-08-24 11:54:25+08:00
520810,港股通红利ETF易方达,1.048,1.0497,0.16,0.0,0.0,8190.0,858452.0,1.048,1.053,1.045,1.048,0.76,0.29,0.24,-72.76,2840.0,5350.0,5177.0,0.6,0.0,0.0,5177.0,0.6,-70268.0,-8.19,65091.0,7.58,2.0,1.047,1.048,284360000.0,298009280,298009280,2026-08-24,2026-08-24 11:54:07+08:00
159049,有色ETF工银,1.046,1.0488,0.27,0.0,0.0,83518.0,8845259.579,1.049,1.07,1.045,1.046,2.39,19.85,2.37,-90.36,48053.0,35465.0,487850.0,5.52,1603379.0,18.13,-1115529.0,-12.61,-512771.0,-5.8,24921.0,0.28,-83.0,1.046,1.058,42073319.0,44008692,44008692,2026-08-24,2026-08-24 11:54:33+08:00
511650,货币ETF华夏,100.002,,0.0,-0.002,0.0,248.0,2480037.0,99.998,100.002,99.998,100.004,0.0,2.06,0.67,-72.53,136.0,112.0,100001.0,4.03,530010.0,21.37,-430009.0,-17.34,-50001.0,-2.02,-49999.0,-2.02,1.0,99.998,100.002,1204500.0,120452409,120452409,2026-08-24,2026-08-24 11:54:04+08:00
511950,添利货币ETF广发,100.004,,0.0,-0.001,0.0,7.0,69999.0,99.998,100.004,99.997,100.005,0.01,0.22,1.06,33.33,1.0,6.0,0.0,0.0,0.0,0.0,0.0,0.0,-20000.0,-28.57,20000.0,28.57,1.0,99.997,100.002,322200.0,32221289,32221289,2026-08-24,2026-08-24 11:54:01+08:00
159229,自由现金流ETF广发,1.21,1.2113,0.11,0.0,0.0,24348.0,2949121.4,1.21,1.216,1.208,1.21,0.66,1.66,1.34,-92.5,7738.0,16610.0,200428.0,6.8,378543.0,12.84,-178115.0,-6.04,-147011.0,-4.98,-53417.0,-1.81,-21.0,1.204,1.222,146556022.0,177332787,177332787,2026-08-24,2026-08-24 11:54:00+08:00
159171,工业有色ETF博时,0.815,0.8155,0.06,0.0,0.0,25761.0,2115726.1,0.824,0.827,0.813,0.815,1.72,1.18,1.38,-0.08,12936.0,12825.0,262760.0,12.42,340128.0,16.08,-77368.0,-3.66,-230163.0,-10.88,-32597.0,-1.54,-33.0,0.813,0.818,217532934.0,177289341,177289341,2026-08-24,2026-08-24 11:54:36+08:00
159642,碳中和ETF大成,0.942,0.9443,0.24,0.0,0.0,249.0,23630.0,0.954,0.956,0.942,0.942,1.49,0.11,1.47,-80.17,117.0,132.0,-15038.0,-63.64,0.0,0.0,-15038.0,-63.64,0.0,0.0,15039.0,63.64,-101.0,0.939,0.95,22439923.0,21138407,21138407,2026-08-24,2026-08-24 11:53:54+08:00
563620,全指现金流ETF兴业,1.078,1.0794,0.13,0.0,0.0,25955.0,2806082.0,1.084,1.088,1.078,1.078,0.93,5.08,1.9,-10.0,8634.0,17321.0,51293.0,1.83,249942.0,8.91,-198649.0,-7.08,-17828.0,-0.64,-33467.0,-1.19,-67.0,1.07,1.084,51049000.0,55030822,55030822,2026-08-24,2026-08-24 11:53:51+08:00
563390,全指现金流ETF华泰柏瑞,1.219,1.2193,0.02,0.0,0.0,136452.0,16649912.0,1.219,1.225,1.217,1.219,0.66,0.61,0.37,-7.89,64188.0,72264.0,1096466.0,6.59,606684.0,3.64,489782.0,2.94,-788610.0,-4.74,-307856.0,-1.85,-1642.0,1.217,1.22,2224344000.0,2711475336,2711475336,2026-08-24,2026-08-24 11:53:46+08:00
563960,300质量ETF兴全,0.963,0.9641,0.11,0.0,0.0,22001.0,2118866.0,0.963,0.966,0.962,0.963,0.42,0.61,1.99,-68.93,8026.0,13975.0,-6929.0,-0.33,0.0,0.0,-6929.0,-0.33,-56836.0,-2.68,63765.0,3.01,-21.0,0.959,0.966,361512000.0,348136056,348136056,2026-08-24,2026-08-24 11:53:59+08:00
563990,800现金流ETF富国,1.254,1.2538,-0.02,0.0,0.0,68560.0,8594019.0,1.246,1.26,1.246,1.254,1.12,2.27,1.73,4.35,23209.0,45351.0,2356069.0,27.42,112309.0,1.31,2243760.0,26.11,-1465469.0,-17.05,-890600.0,-10.36,26.0,1.252,1.254,302573008.0,379426552,379426552,2026-08-24,2026-08-24 11:53:45+08:00
159619,基建ETF国泰,0.93,0.9307,0.08,0.0,0.0,21587.0,2011488.7,0.93,0.934,0.929,0.93,0.54,2.84,1.3,36.84,10567.0,11020.0,-92695.0,-4.61,0.0,0.0,-92695.0,-4.61,88470.0,4.4,4225.0,0.21,-24.0,0.93,0.934,75981007.0,70662337,70662337,2026-08-24,2026-08-24 11:53:57+08:00
159336,央企红利ETF融通,1.219,1.2206,0.13,0.0,0.0,6760.0,826844.3,1.221,1.229,1.218,1.219,0.9,0.22,0.31,-3.13,1678.0,5082.0,173873.0,21.03,0.0,0.0,173873.0,21.03,-139546.0,-16.88,-34327.0,-4.15,-17.0,1.218,1.221,307905088.0,375336302,375336302,2026-08-24,2026-08-24 11:54:39+08:00
159652,有色ETF汇添富,1.684,1.6844,0.02,0.0,0.0,814898.0,138239677.7,1.705,1.716,1.678,1.684,2.26,4.52,1.72,43.18,378130.0,436768.0,2864689.0,2.07,2201120.0,1.59,663569.0,0.48,1523219.0,1.1,-4387909.0,-3.17,19.0,1.684,1.686,1801320288.0,3033423365,3033423365,2026-08-24,2026-08-24 11:54:30+08:00
159529,标普消费ETF景顺,1.296,1.2838,-0.95,0.0,0.0,83279.0,10797423.2,1.3,1.302,1.293,1.296,0.69,1.03,0.44,-8.9,22789.0,60490.0,-2209950.0,-20.47,-2881773.0,-26.69,671823.0,6.22,1900332.0,17.6,309618.0,2.87,39.0,1.295,1.296,811536784.0,1051751672,1051751672,2026-08-24,2026-08-24 11:54:18+08:00
159666,交通运输ETF华夏,0.983,0.9832,0.02,0.0,0.0,103912.0,10218771.712,0.976,0.987,0.976,0.983,1.12,7.71,0.94,-17.61,63329.0,40583.0,603571.0,5.91,166131.0,1.63,437440.0,4.28,-526929.0,-5.16,-76641.0,-0.75,850.0,0.983,0.984,134832905.0,132540746,132540746,2026-08-24,2026-08-24 11:54:21+08:00
159029,有色ETF广发,0.948,0.949,0.11,0.0,0.0,208537.0,19938271.273,0.959,0.967,0.945,0.948,2.32,6.7,2.24,54.88,91835.0,116701.0,1821367.0,9.14,2399513.0,12.03,-578146.0,-2.9,-1742477.0,-8.74,-78890.0,-0.4,-10.0,0.948,0.95,311127712.0,294949071,294949071,2026-08-24,2026-08-24 11:54:24+08:00
159510,沪深300价值ETF华夏,1.252,1.2548,0.22,0.0,0.0,9008.0,1129485.4,1.253,1.257,1.25,1.252,0.56,1.36,0.67,-2.23,2104.0,6904.0,88415.0,7.83,0.0,0.0,88415.0,7.83,-105351.0,-9.33,16937.0,1.5,20.0,1.252,1.254,66128342.0,82792684,82792684,2026-08-24,2026-08-24 11:53:48+08:00
510170,大宗商品ETF国联安,1.408,1.4098,0.13,0.0,0.0,85855.0,12143444.0,1.421,1.426,1.404,1.408,1.56,2.53,1.51,-36.65,38166.0,47689.0,-350590.0,-2.89,5205.0,0.04,-355795.0,-2.93,870747.0,7.17,-520158.0,-4.28,-5.0,1.408,1.41,338914800.0,477192038,477192038,2026-08-24,2026-08-24 11:54:29+08:00
511920,货币ETF广发,100.005,,-0.01,0.0,0.0,0.0,200.0,100.0,100.005,100.0,100.005,0.01,0.0,,53.0,0.0,,0.0,0.0,0.0,0.0,0.0,0.0,0.0,0.0,0.0,0.0,0.0,99.998,100.004,318000.0,31801590,31801590,2026-08-24,2026-08-24 11:54:08+08:00
511880,银华日利ETF,100.735,,-0.01,0.004,0.0,706897.0,7120543390.0,100.729,100.736,100.725,100.731,0.01,6.76,0.89,2.68,384236.0,322661.0,25842576.0,0.36,-1122304.0,-0.02,26964880.0,0.38,-17405120.0,-0.24,-8437356.0,-0.12,-43.0,100.735,100.736,1045992304.0,105368034743,105368034743,2026-08-24,2026-08-24 11:54:01+08:00
511800,易方达货币ETF,100.015,,-0.02,-0.004,0.0,296.0,2961204.0,100.005,100.028,100.005,100.019,0.02,1.78,2.03,-63.94,144.0,152.0,1130737.0,38.19,1110738.0,37.51,19999.0,0.68,-730488.0,-24.67,-400250.0,-13.52,-15.0,100.014,100.019,1666000.0,166624990,166624990,2026-08-24,2026-08-24 11:54:08+08:00
511770,金鹰增益货币ETF,100.002,,0.0,-0.001,0.0,7.0,70101.0,100.002,100.002,100.002,100.003,0.0,0.17,0.21,2.5,,7.0,70101.0,100.0,70101.0,100.0,0.0,0.0,-70101.0,-100.0,0.0,0.0,-7.0,100.002,100.003,403900.0,40390808,40390808,2026-08-24,2026-08-24 11:54:11+08:00
159005,快钱ETF汇添富,100.0,,0.0,0.0,0.0,701.0,7006495.7,99.999,100.001,99.999,100.0,0.0,6.18,2.05,62.17,333.0,368.0,1306500.0,18.65,3316500.0,47.33,-2010000.0,-28.69,-1150001.0,-16.41,-156500.0,-2.23,-1.0,100.0,100.001,1133790.0,113379000,113379000,2026-08-24,2026-08-24 11:54:18+08:00
159003,招商快线ETF,99.999,,0.0,-0.001,0.0,514.0,5140582.694,99.999,100.0,99.999,100.0,0.0,2.51,0.27,-61.46,351.0,163.0,1100590.0,21.41,720000.0,14.01,380590.0,7.4,-839992.0,-16.34,-260597.0,-5.07,-3.0,99.999,100.0,2045097.0,204507655,204507655,2026-08-24,2026-08-24 11:54:15+08:00
511690,交易货币ETF大成,100.001,,0.0,-0.009,-0.01,1427.0,14270310.0,100.002,100.003,100.001,100.01,0.0,2.36,2.34,-7.1,773.0,654.0,300000.0,2.1,-268118.0,-1.88,568118.0,3.98,90008.0,0.63,-390008.0,-2.73,-1.0,100.001,100.002,6046000.0,604606046,604606046,2026-08-24,2026-08-24 11:54:08+08:00
511810,货币ETF南方,100.002,,0.0,-0.007,-0.01,321.0,3212395.0,100.001,100.004,100.001,100.009,0.0,0.88,0.82,17.12,88.0,233.0,920023.0,28.64,490006.0,15.25,430017.0,13.39,-567714.0,-17.67,-352310.0,-10.97,-2.0,100.002,100.004,3643500.0,364357287,364357287,2026-08-24,2026-08-24 11:54:11+08:00
511700,货币ETF平安,100.006,,-0.01,-0.009,-0.01,4115.0,41154670.0,100.006,100.007,100.003,100.015,0.0,2.32,1.04,7.81,1816.0,2299.0,125027.0,0.3,-5523472.0,-13.42,5648499.0,13.73,429402.0,1.04,-554430.0,-1.35,-2.0,100.006,100.007,17706700.0,1770776240,1770776240,2026-08-24,2026-08-24 11:54:04+08:00
511970,国寿货币ETF,99.997,,0.0,-0.011,-0.01,1.0,10000.0,99.997,99.997,99.997,100.008,0.0,0.02,0.02,78.72,,1.0,0.0,0.0,0.0,0.0,0.0,0.0,9999.0,99.99,-9999.0,-99.99,-1.0,99.998,100.005,410400.0,41038769,41038769,2026-08-24,2026-08-24 11:54:20+08:00
511820,鹏华添利ETF,100.0,,0.0,-0.005,-0.01,23.0,230000.0,100.0,100.0,100.0,100.005,0.0,0.38,0.28,20.86,,23.0,30000.0,13.04,230000.0,100.0,-200000.0,-86.96,0.0,0.0,-30000.0,-13.04,-3.0,100.0,100.003,611600.0,61160000,61160000,2026-08-24,2026-08-24 11:54:23+08:00
511860,货币ETF博时,99.999,,0.0,-0.005,-0.01,80.0,799998.0,100.0,100.0,99.999,100.004,0.0,1.79,0.23,-30.67,60.0,20.0,189998.0,23.75,0.0,0.0,189998.0,23.75,-189998.0,-23.75,0.0,0.0,-5.0,99.999,100.0,446100.0,44609554,44609554,2026-08-24,2026-08-24 11:54:15+08:00
511850,招商财富宝ETF,100.004,,0.0,-0.012,-0.01,8162.0,81617161.0,100.01,100.011,99.997,100.016,0.01,9.22,3.69,53.32,2732.0,5430.0,1557896.0,1.91,7810111.0,9.57,-6252215.0,-7.66,-1325780.0,-1.62,-232116.0,-0.28,6.0,100.003,100.004,8848600.0,884895394,884895394,2026-08-24,2026-08-24 11:54:20+08:00
511830,货币ETF华泰柏瑞,99.998,,0.0,-0.008,-0.01,10.0,99999.0,100.0,100.0,99.998,100.006,0.0,0.32,0.35,33.33,,10.0,0.0,0.0,0.0,0.0,0.0,0.0,-10001.0,-10.0,10000.0,10.0,-2.0,99.998,100.0,313500.0,31349373,31349373,2026-08-24,2026-08-24 11:54:06+08:00
511620,货币ETF国泰,100.006,,-0.01,-0.01,-0.01,1085.0,10851030.0,100.007,100.007,100.004,100.016,0.0,2.53,1.27,27.83,399.0,686.0,772131.0,7.12,4231280.0,38.99,-3459149.0,-31.88,-739530.0,-6.82,-32601.0,-0.3,5.0,100.005,100.006,4285400.0,428565712,428565712,2026-08-24,2026-08-24 11:54:21+08:00
511930,货币ETF国联,99.998,,0.0,-0.006,-0.01,10.0,99999.0,99.999,99.999,99.998,100.004,0.0,0.53,3.69,38.85,2.0,8.0,0.0,0.0,0.0,0.0,0.0,0.0,-49999.0,-50.0,49999.0,50.0,-2.0,99.998,100.0,187600.0,18759625,18759625,2026-08-24,2026-08-24 11:54:27+08:00
511900,富国货币ETF,100.0,,0.0,-0.005,-0.01,1621.0,16209924.0,99.998,100.0,99.998,100.005,0.0,8.83,2.64,-34.7,1149.0,472.0,250299.0,1.54,-1359677.0,-8.39,1609976.0,9.93,-219999.0,-1.36,-30298.0,-0.19,1.0,99.999,100.0,1836100.0,183610000,183610000,2026-08-24,2026-08-24 11:54:04+08:00
511990,华宝添益ETF,100.0,,0.0,-0.007,-0.01,369037.0,3690321105.0,99.998,100.001,99.998,100.007,0.0,4.31,0.82,32.88,158339.0,210697.0,5755642.0,0.16,4622768.0,0.13,1132874.0,0.03,-7433348.0,-0.2,1677707.0,0.05,-1.0,100.0,100.001,855363008.0,85536300800,85536300800,2026-08-24,2026-08-24 11:54:09+08:00
511660,货币ETF建信,100.016,,-0.02,-0.017,-0.02,9925.0,99269938.0,100.027,100.027,100.009,100.033,0.02,1.33,0.58,71.91,4729.0,5196.0,3546375.0,3.57,11208306.0,11.29,-7661931.0,-7.72,-3226800.0,-3.25,-319574.0,-0.32,-5.0,100.016,100.017,74831900.0,7484387310,7484387310,2026-08-24,2026-08-24 11:54:06+08:00
513800,日本东证指数ETF南方,1.86,1.8619,0.1,-0.001,-0.05,236282.0,44023144.0,1.872,1.872,1.858,1.861,0.75,2.28,1.51,-37.35,79504.0,156778.0,-1879446.0,-4.27,-930500.0,-2.11,-948946.0,-2.16,4017319.0,9.13,-2137871.0,-4.86,11.0,1.858,1.86,1037444400.0,1929646584,1929646584,2026-08-24,2026-08-24 11:54:06+08:00
513530,港股通红利ETF华泰柏瑞,1.625,1.6292,0.26,-0.001,-0.06,1231554.0,200326640.0,1.625,1.632,1.619,1.626,0.8,4.36,1.46,-41.42,597542.0,634012.0,3110254.0,1.55,-710046.0,-0.35,3820300.0,1.91,-510238.0,-0.25,-2600017.0,-1.3,-50.0,1.625,1.626,2825938704.0,4592150394,4592150394,2026-08-24,2026-08-24 11:54:07+08:00
159981,能源化工ETF建信,1.582,1.581,-0.06,-0.001,-0.06,1472118.0,231045009.4,1.569,1.585,1.554,1.583,1.96,8.47,1.37,-37.85,877283.0,594835.0,-15578594.0,-6.74,-18239913.0,-7.89,2661319.0,1.15,11657543.0,5.05,3921051.0,1.7,100.0,1.581,1.582,1737536960.0,2748783471,2748783471,2026-08-24,2026-08-24 11:53:36+08:00
515990,一带一路ETF汇添富,1.525,1.5218,-0.21,-0.001,-0.07,129.0,19722.0,1.529,1.529,1.525,1.526,0.26,0.02,0.02,-61.43,1.0,128.0,-18501.0,-93.81,458.0,2.32,-18959.0,-96.13,0.0,0.0,18502.0,93.81,-4.0,1.518,1.529,52350200.0,79834055,79834055,2026-08-24,2026-08-24 11:54:19+08:00
520890,港股通红利低波ETF华泰柏瑞,1.343,1.3444,0.1,-0.001,-0.07,70320.0,9449070.0,1.345,1.351,1.341,1.344,0.74,8.68,0.86,-19.62,37437.0,32883.0,203487.0,2.15,729383.0,7.72,-525896.0,-5.57,-157618.0,-1.67,-45870.0,-0.49,-173.0,1.342,1.343,81008000.0,108793744,108793744,2026-08-24,2026-08-24 11:54:17+08:00
561790,央企能源ETF博时,1.25,1.2509,0.07,-0.001,-0.08,22621.0,2827376.0,1.249,1.252,1.248,1.251,0.32,3.91,2.69,1.52,10763.0,11858.0,35914.0,1.27,0.0,0.0,35914.0,1.27,-17736.0,-0.63,-18179.0,-0.64,-44.0,1.249,1.251,57834000.0,72292500,72292500,2026-08-24,2026-08-24 11:53:53+08:00
563770,全指现金流ETF招商,1.185,1.1862,0.1,-0.001,-0.08,41399.0,4913856.0,1.195,1.195,1.175,1.186,1.69,15.16,1.41,17.73,20872.0,20527.0,648148.0,13.19,1182953.0,24.07,-534805.0,-10.88,-585584.0,-11.92,-62563.0,-1.27,-2500.0,1.184,1.19,27307000.0,32358795,32358795,2026-08-24,2026-08-24 11:54:07+08:00
159620,中证500成长ETF华夏,1.276,1.2484,-2.21,-0.001,-0.08,24689.0,3112500.9,1.281,1.281,1.243,1.277,2.98,8.47,1.07,71.83,13161.0,11528.0,15173.0,0.49,0.0,0.0,15173.0,0.49,-39654.0,-1.27,24481.0,0.79,1.0,1.25,1.302,29140934.0,37183832,37183832,2026-08-24,2026-08-24 11:54:06+08:00
159331,红利港股ETF国泰,1.323,1.3275,0.34,-0.001,-0.08,36008.0,4770726.516,1.324,1.329,1.322,1.324,0.53,2.39,1.33,-19.02,22241.0,13767.0,-618040.0,-12.95,-1124234.0,-23.57,506194.0,10.61,366258.0,7.68,251782.0,5.28,-6.0,1.323,1.324,150694179.0,199368399,199368399,2026-08-24,2026-08-24 11:54:15+08:00
560120,中证500现金流ETF华夏,1.209,1.2094,0.03,-0.001,-0.08,128700.0,15561662.0,1.214,1.214,1.205,1.21,0.74,2.22,1.6,10.48,67753.0,60947.0,497957.0,3.2,-433660.0,-2.79,931617.0,5.99,-240282.0,-1.54,-257675.0,-1.66,-81.0,1.209,1.21,580689008.0,702053011,702053011,2026-08-24,2026-08-24 11:54:12+08:00
159236,自由现金流ETF工银,1.199,1.2005,0.12,-0.001,-0.08,14310.0,1717983.6,1.196,1.204,1.196,1.2,0.67,3.51,1.12,0.24,5916.0,8394.0,-18219.0,-1.06,571031.0,33.24,-589250.0,-34.3,73093.0,4.25,-54874.0,-3.19,-100.0,1.198,1.2,40722161.0,48825871,48825871,2026-08-24,2026-08-24 11:53:45+08:00
159209,红利质量ETF招商,1.143,1.145,0.17,-0.001,-0.09,568179.0,65100186.3,1.145,1.15,1.141,1.144,0.79,2.6,1.48,22.74,315046.0,253133.0,2500767.0,3.84,1202587.0,1.85,1298180.0,1.99,2741738.0,4.21,-5242505.0,-8.05,-1145.0,1.143,1.144,2186635056.0,2499323869,2499323869,2026-08-24,2026-08-24 11:54:30+08:00
520550,港股红利低波ETF招商,1.109,1.1067,-0.21,-0.001,-0.09,124587.0,13831274.0,1.108,1.113,1.108,1.11,0.45,1.08,0.77,-62.85,63799.0,60788.0,-223165.0,-1.61,-1141109.0,-8.25,917944.0,6.64,64976.0,0.47,158188.0,1.14,-36.0,1.109,1.11,1150524000.0,1275931116,1275931116,2026-08-24,2026-08-24 11:54:08+08:00
513730,东南亚科技ETF华泰柏瑞,1.16,1.1806,1.74,-0.001,-0.09,92049.0,10716892.0,1.165,1.167,1.16,1.161,0.6,1.15,1.53,-52.05,39057.0,52992.0,-695089.0,-6.49,-2231727.0,-20.82,1536638.0,14.34,288940.0,2.7,406150.0,3.79,-445.0,1.16,1.161,802355008.0,930731809,930731809,2026-08-24,2026-08-24 11:54:21+08:00
513070,港股通消费ETF易方达,1.116,1.1138,-0.2,-0.001,-0.09,661266.0,73796574.0,1.117,1.12,1.11,1.117,0.9,4.95,1.59,-16.62,308168.0,353098.0,19735739.0,26.74,-5714475.0,-7.74,25450214.0,34.49,-978755.0,-1.33,-18756984.0,-25.42,1192.0,1.115,1.117,1336760800.0,1491825053,1491825053,2026-08-24,2026-08-24 11:54:25+08:00
159612,标普500ETF国泰,2.062,1.9308,-6.8,-0.002,-0.1,135939.0,28042016.32,2.064,2.069,2.058,2.064,0.53,3.06,1.4,33.71,64683.0,71256.0,-4854880.0,-17.31,-4600159.0,-16.4,-254721.0,-0.91,3399512.0,12.12,1455369.0,5.19,-1.0,2.062,2.063,444898656.0,917381029,917381029,2026-08-24,2026-08-24 11:53:48+08:00
159127,港股通红利ETF南方,0.981,0.9833,0.23,-0.001,-0.1,52124.0,5118389.1,0.976,0.986,0.976,0.982,1.02,3.29,1.58,-78.61,26906.0,25218.0,108962.0,2.13,0.0,0.0,108962.0,2.13,-96637.0,-1.89,-12326.0,-0.24,-1200.0,0.98,0.982,158344268.0,155335727,155335727,2026-08-24,2026-08-24 11:53:54+08:00
159635,基建ETF华夏,0.988,0.9882,0.02,-0.001,-0.1,162120.0,16023274.4,0.99,0.992,0.986,0.989,0.61,12.39,1.19,-55.2,79672.0,82448.0,192690.0,1.2,-578435.0,-3.61,771125.0,4.81,-200743.0,-1.25,8052.0,0.05,5.0,0.987,0.988,130846980.0,129276816,129276816,2026-08-24,2026-08-24 11:54:21+08:00
561330,矿业ETF国泰,0.992,0.9923,0.03,-0.001,-0.1,863652.0,86550922.0,1.016,1.017,0.989,0.993,2.82,4.78,2.22,62.66,406023.0,457629.0,-1601473.0,-1.85,-4721907.0,-5.46,3120434.0,3.61,2535782.0,2.93,-934307.0,-1.08,-12.0,0.992,0.994,1807392096.0,1792932959,1792932959,2026-08-24,2026-08-24 11:54:12+08:00
561250,稀有金属ETF鹏华,1.039,1.0439,0.47,-0.001,-0.1,53107.0,5591312.0,1.047,1.064,1.032,1.04,3.08,4.8,1.38,-83.91,30038.0,23069.0,-51129.0,-0.91,-184054.0,-3.29,132925.0,2.38,-119307.0,-2.13,170436.0,3.05,2375.0,1.033,1.04,110752200.0,115071536,115071536,2026-08-24,2026-08-24 11:53:59+08:00
561390,稀有金属ETF平安,1.006,1.0059,-0.01,-0.001,-0.1,46644.0,4751963.0,1.032,1.032,1.003,1.007,2.88,5.01,0.2,7.48,24314.0,22330.0,277839.0,5.85,2804252.0,59.01,-2526413.0,-53.17,-292155.0,-6.15,14317.0,0.3,100.0,1.003,1.006,93128100.0,93686869,93686869,2026-08-24,2026-08-24 11:54:09+08:00
512620,农业ETF天弘,0.876,0.8767,0.08,-0.001,-0.11,33327.0,2916345.0,0.877,0.879,0.869,0.877,1.14,0.23,0.46,28.14,12538.0,20789.0,672167.0,23.05,192575.0,6.6,479592.0,16.44,-545491.0,-18.7,-126676.0,-4.34,1.0,0.875,0.876,1429666000.0,1252387416,1252387416,2026-08-24,2026-08-24 11:54:22+08:00
561050,稀有金属ETF易方达,0.891,0.8906,-0.04,-0.001,-0.11,85432.0,7702085.0,0.896,0.915,0.888,0.892,3.03,3.68,0.95,-1.35,36307.0,49125.0,-554957.0,-7.21,0.0,0.0,-554957.0,-7.21,54415.0,0.71,500542.0,6.5,1.0,0.89,0.896,232250000.0,206934750,206934750,2026-08-24,2026-08-24 11:54:15+08:00
513090,香港证券ETF易方达,1.825,1.8272,0.12,-0.002,-0.11,9235474.0,1690255803.0,1.82,1.838,1.82,1.827,0.99,9.04,1.4,31.57,4830426.0,4405048.0,17130128.0,1.01,-1935936.0,-0.11,19066064.0,1.13,-7897200.0,-0.47,-9232924.0,-0.55,-2537.0,1.825,1.826,10220487936.0,18652390483,18652390483,2026-08-24,2026-08-24 11:54:08+08:00
159965,央视50ETF国联,1.613,1.6144,0.09,-0.002,-0.12,2302.0,371682.4,1.618,1.618,1.612,1.615,0.37,1.07,2.45,70.58,752.0,1550.0,-79021.0,-21.26,0.0,0.0,-79021.0,-21.26,86590.0,23.3,-7569.0,-2.04,8.0,1.612,1.617,21426953.0,34561675,34561675,2026-08-24,2026-08-24 11:54:06+08:00
159062,稀有金属ETF南方,0.841,0.841,0.0,-0.001,-0.12,117448.0,10025260.3,0.848,0.866,0.839,0.842,3.21,10.51,2.38,-61.59,68090.0,49358.0,-828518.0,-8.26,354342.0,3.53,-1182860.0,-11.8,382618.0,3.82,445901.0,4.45,-10.0,0.841,0.85,111701256.0,93940756,93940756,2026-08-24,2026-08-24 11:54:36+08:00
159265,港股消费ETF鹏华,0.821,0.8216,0.07,-0.001,-0.12,70100.0,5755558.0,0.82,0.823,0.817,0.822,0.73,3.94,1.22,86.68,26513.0,43587.0,126468.0,2.2,-986.0,-0.02,127454.0,2.21,-147193.0,-2.56,20726.0,0.36,-229.0,0.821,0.822,177950894.0,146097684,146097684,2026-08-24,2026-08-24 11:53:57+08:00
159980,有色ETF大成,2.145,2.1467,0.08,-0.003,-0.14,1156582.0,248423000.0,2.151,2.152,2.143,2.148,0.42,3.9,1.49,-70.88,540725.0,615857.0,-11550715.0,-4.65,4910065.0,1.98,-16460780.0,-6.63,4684291.0,1.89,6866425.0,2.76,-30.0,2.145,2.146,2966824784.0,6363839162,6363839162,2026-08-24,2026-08-24 11:53:33+08:00
510410,资源ETF博时,1.987,1.9881,0.06,-0.003,-0.15,75388.0,15063167.0,2.007,2.013,1.98,1.99,1.66,1.73,1.94,-4.16,36871.0,38517.0,1459281.0,9.69,911317.0,6.05,547964.0,3.64,-1191199.0,-7.91,-268082.0,-1.78,-1.0,1.986,1.987,435258400.0,864858441,864858441,2026-08-24,2026-08-24 11:54:10+08:00
159690,有色矿业ETF招商,2.026,2.0265,0.02,-0.003,-0.15,120920.0,24683206.8,2.051,2.068,2.018,2.029,2.46,4.36,1.71,65.49,56283.0,64637.0,1856555.0,7.52,1100612.0,4.46,755943.0,3.06,-767931.0,-3.11,-1088624.0,-4.41,-2.0,2.023,2.031,277163984.0,561534232,561534232,2026-08-24,2026-08-24 11:54:06+08:00
513950,恒生红利ETF富国,1.264,1.2665,0.2,-0.002,-0.16,132051.0,16717544.0,1.266,1.268,1.264,1.266,0.32,0.53,1.05,-27.89,68653.0,63398.0,-741728.0,-4.44,-759726.0,-4.54,17998.0,0.11,792178.0,4.74,-50449.0,-0.3,-733.0,1.264,1.265,2492619008.0,3150670426,3150670426,2026-08-24,2026-08-24 11:54:02+08:00
159736,食品饮料ETF天弘,0.587,0.5877,0.12,-0.001,-0.17,228637.0,13386609.7,0.586,0.588,0.583,0.588,0.85,0.3,1.47,46.85,90989.0,137648.0,-3042548.0,-22.73,-2168969.0,-16.2,-873579.0,-6.53,2950222.0,22.04,92326.0,0.69,10.0,0.586,0.587,7508394496.0,4407427569,4407427569,2026-08-24,2026-08-24 11:53:48+08:00
561080,全指现金流ETF华安,1.185,1.1884,0.29,-0.002,-0.17,8000.0,949678.0,1.191,1.193,1.185,1.187,0.67,3.3,1.05,-3.13,2862.0,5138.0,67667.0,7.13,0.0,0.0,67667.0,7.13,4399.0,0.46,-72066.0,-7.59,-2204.0,1.185,1.19,24250000.0,28736250,28736250,2026-08-24,2026-08-24 11:54:02+08:00
563060,央企50ETF易方达,1.08,1.0787,-0.12,-0.002,-0.18,2617.0,283105.0,1.082,1.085,1.08,1.082,0.46,0.14,0.15,-38.46,353.0,2264.0,-30459.0,-10.76,240095.0,84.81,-270554.0,-95.57,23868.0,8.43,6592.0,2.33,50.0,1.077,1.085,189527000.0,204689160,204689160,2026-08-24,2026-08-24 11:54:09+08:00
561430,红利质量ETF博时,1.045,1.0483,0.31,-0.002,-0.19,9096.0,954770.0,1.047,1.052,1.045,1.047,0.67,2.26,1.19,-9.42,2557.0,6539.0,82167.0,8.61,0.0,0.0,82167.0,8.61,-105902.0,-11.09,23736.0,2.49,-510.0,1.047,1.048,40223200.0,42033244,42033244,2026-08-24,2026-08-24 11:54:03+08:00
159745,建材ETF国泰,0.527,0.5261,-0.17,-0.001,-0.19,456322.0,24083941.4,0.525,0.531,0.525,0.528,1.14,3.47,1.11,87.05,196316.0,260006.0,1118610.0,4.64,-1161911.0,-4.82,2280521.0,9.47,-1221981.0,-5.07,103371.0,0.43,1436.0,0.526,0.527,1315688272.0,693367719,693367719,2026-08-24,2026-08-24 11:54:09+08:00
159871,有色ETF银华,0.988,0.9896,0.16,-0.002,-0.2,396118.0,39513893.0,0.999,1.008,0.985,0.99,2.32,3.42,2.05,51.04,189213.0,206905.0,-1069449.0,-2.71,2322169.0,5.88,-3391618.0,-8.58,2116704.0,5.36,-1047255.0,-2.65,-17.0,0.987,0.99,1159232512.0,1145321722,1145321722,2026-08-24,2026-08-24 11:54:21+08:00
159041,农业ETF鹏华,1.001,1.0015,0.05,-0.002,-0.2,2217.0,221524.794,1.003,1.003,0.994,1.003,0.9,0.33,0.08,-23.05,1476.0,741.0,-104541.0,-47.19,0.0,0.0,-104541.0,-47.19,60119.0,27.14,44424.0,20.05,-10.0,1.0,1.002,67471832.0,67539304,67539304,2026-08-24,2026-08-24 11:54:27+08:00
159053,稀有金属ETF华夏,0.925,0.9248,-0.02,-0.002,-0.22,181366.0,17011435.32,0.939,0.95,0.922,0.927,3.02,11.11,1.88,22.76,83219.0,98147.0,406633.0,2.39,878698.0,5.17,-472065.0,-2.77,-999547.0,-5.88,592914.0,3.49,50.0,0.924,0.929,163198132.0,150958272,150958272,2026-08-24,2026-08-24 11:54:42+08:00
513230,港股通消费ETF华夏,0.879,0.8791,0.01,-0.002,-0.23,72169.0,6349389.0,0.881,0.884,0.876,0.881,0.91,2.2,0.76,-62.6,27068.0,45101.0,335106.0,5.28,464374.0,7.31,-129268.0,-2.04,-379962.0,-5.98,44856.0,0.71,-131.0,0.879,0.881,328422704.0,288683557,288683557,2026-08-24,2026-08-24 11:53:58+08:00
562330,中证500价值ETF银华,1.235,1.2376,0.21,-0.003,-0.24,9167.0,1135757.0,1.24,1.242,1.235,1.238,0.57,8.32,0.97,59.09,5039.0,4128.0,-386099.0,-33.99,0.0,0.0,-386099.0,-33.99,183393.0,16.15,202706.0,17.85,-2.0,1.231,1.24,11018900.0,13608342,13608342,2026-08-24,2026-08-24 11:53:55+08:00
515110,一带一路ETF易方达,1.641,1.6405,-0.03,-0.004,-0.24,45026.0,7404811.0,1.645,1.65,1.638,1.645,0.73,2.08,1.47,-99.35,25290.0,19736.0,-21898.0,-0.3,269787.0,3.64,-291685.0,-3.94,26506.0,0.36,-4608.0,-0.06,1000.0,1.635,1.64,216295000.0,354940095,354940095,2026-08-24,2026-08-24 11:54:11+08:00
513590,港股通消费ETF鹏华,0.783,0.7818,-0.15,-0.002,-0.25,12324.0,965622.0,0.788,0.788,0.78,0.785,1.02,0.88,0.71,-52.86,3759.0,8565.0,-38188.0,-3.95,0.0,0.0,-38188.0,-3.95,-62679.0,-6.49,100867.0,10.45,-24.0,0.783,0.784,139518900.0,109243299,109243299,2026-08-24,2026-08-24 11:54:20+08:00
159245,港股通消费ETF富国,0.799,0.7992,0.03,-0.002,-0.25,10733.0,856389.0,0.805,0.805,0.795,0.801,1.25,1.47,0.7,-14.54,2889.0,7844.0,356817.0,41.67,0.0,0.0,356817.0,41.67,-348873.0,-40.74,-7946.0,-0.93,4.0,0.797,0.799,73113296.0,58417524,58417524,2026-08-24,2026-08-24 11:53:51+08:00
512040,价值ETF富国,1.214,1.2141,0.01,-0.003,-0.25,1032006.0,125425867.0,1.218,1.22,1.213,1.217,0.58,2.36,1.12,35.92,349215.0,682791.0,4223349.0,3.37,3380524.0,2.7,842825.0,0.67,-1151721.0,-0.92,-3071627.0,-2.45,-9.0,1.214,1.215,4379715840.0,5316975030,5316975030,2026-08-24,2026-08-24 11:54:06+08:00
510680,上证50ETF万家,3.148,3.1622,0.45,-0.008,-0.25,1717.0,540907.0,3.15,3.161,3.142,3.156,0.6,0.87,0.21,-4.85,907.0,810.0,-212276.0,-39.24,0.0,0.0,-212276.0,-39.24,186765.0,34.53,25510.0,4.72,5.0,3.144,3.158,19624700.0,61778556,61778556,2026-08-24,2026-08-24 11:54:13+08:00
159827,农业ETF银华,0.777,0.7764,-0.08,-0.002,-0.26,10351.0,801767.6,0.778,0.784,0.771,0.779,1.67,1.14,0.52,49.86,3510.0,6841.0,21413.0,2.67,-8823.0,-1.1,30236.0,3.77,31290.0,3.9,-52702.0,-6.57,7.0,0.776,0.777,90716463.0,70486692,70486692,2026-08-24,2026-08-24 11:54:03+08:00
159608,稀有金属ETF广发,1.107,1.1068,-0.02,-0.003,-0.27,746724.0,83577178.0,1.121,1.138,1.102,1.11,3.24,2.16,1.38,24.12,353463.0,393261.0,4534417.0,5.43,5073296.0,6.07,-538879.0,-0.64,-3097163.0,-3.71,-1437254.0,-1.72,5.0,1.105,1.107,3462410064.0,3832887941,3832887941,2026-08-24,2026-08-24 11:53:39+08:00
516110,汽车ETF国泰,1.103,1.1043,0.12,-0.003,-0.27,95678.0,10570138.0,1.106,1.11,1.101,1.106,0.81,4.46,1.18,10.89,65431.0,30247.0,123148.0,1.17,1145472.0,10.84,-1022324.0,-9.67,-121029.0,-1.15,-2120.0,-0.02,-1.0,1.102,1.104,214623100.0,236729279,236729279,2026-08-24,2026-08-24 11:54:21+08:00
516970,基建ETF广发,1.093,1.0943,0.12,-0.003,-0.27,252079.0,27604447.0,1.099,1.103,1.09,1.096,1.19,2.21,1.62,-38.0,109081.0,142998.0,3056650.0,11.07,8083128.0,29.28,-5026478.0,-18.21,-1936072.0,-7.01,-1120578.0,-4.06,-76.0,1.093,1.094,1140042496.0,1246066448,1246066448,2026-08-24,2026-08-24 11:53:52+08:00
563280,A50增强ETF富国,1.417,1.4176,0.04,-0.004,-0.28,447.0,63729.0,1.431,1.431,1.417,1.421,0.99,0.67,0.35,-82.95,100.0,347.0,23983.0,37.63,0.0,0.0,23983.0,37.63,0.0,0.0,-23984.0,-37.63,-1.0,1.417,1.421,6706600.0,9503252,9503252,2026-08-24,2026-08-24 11:53:46+08:00
510800,上证50ETF建信,1.383,1.3852,0.16,-0.004,-0.29,5719.0,792249.0,1.397,1.397,1.381,1.387,1.15,0.33,0.58,78.66,2295.0,3424.0,227905.0,28.77,4287.0,0.54,223618.0,28.23,-172047.0,-21.72,-55858.0,-7.05,-28.0,1.381,1.385,174576000.0,241438608,241438608,2026-08-24,2026-08-24 11:54:00+08:00
561800,稀有金属ETF华富,1.035,1.0357,0.07,-0.003,-0.29,129725.0,13617803.0,1.055,1.063,1.032,1.038,2.99,6.31,1.54,88.57,67444.0,62281.0,-480405.0,-3.53,104304.0,0.77,-584709.0,-4.29,-179406.0,-1.32,659811.0,4.85,-1.0,1.034,1.036,205577200.0,212772402,212772402,2026-08-24,2026-08-24 11:53:45+08:00
513140,港股通金融ETF华泰柏瑞,1.696,1.7018,0.34,-0.005,-0.29,68715.0,11664503.0,1.701,1.704,1.693,1.701,0.65,8.71,0.63,-34.96,28491.0,40224.0,205416.0,1.76,-26025.0,-0.22,231441.0,1.98,675872.0,5.79,-881287.0,-7.56,-626.0,1.696,1.697,78868000.0,133760128,133760128,2026-08-24,2026-08-24 11:54:20+08:00
159735,港股消费ETF银华,0.676,0.678,0.29,-0.002,-0.29,90248.0,6102524.6,0.677,0.679,0.673,0.678,0.88,1.44,0.71,-28.17,35264.0,54984.0,-783314.0,-12.84,-545563.0,-8.94,-237751.0,-3.9,823809.0,13.5,-40495.0,-0.66,-384.0,0.676,0.677,627561376.0,424231490,424231490,2026-08-24,2026-08-24 11:54:27+08:00
562900,农业ETF易方达,0.68,0.6802,0.03,-0.002,-0.29,106907.0,7238871.0,0.679,0.682,0.672,0.682,1.47,4.48,0.76,44.46,34716.0,72191.0,599260.0,8.28,-30194.0,-0.42,629454.0,8.7,-504627.0,-6.97,-94632.0,-1.31,-2.0,0.68,0.681,238706300.0,162320284,162320284,2026-08-24,2026-08-24 11:54:05+08:00
510950,上证50ETF广发,0.982,0.9861,0.42,-0.003,-0.3,57850.0,5683593.0,0.984,0.987,0.979,0.985,0.81,5.01,0.67,34.7,14597.0,43253.0,-604447.0,-10.63,-599711.0,-10.55,-4736.0,-0.08,441144.0,7.76,163303.0,2.87,-13.0,0.982,0.983,115420800.0,113343226,113343226,2026-08-24,2026-08-24 11:54:22+08:00
510050,上证50ETF华夏,2.984,2.983,-0.03,-0.009,-0.3,4220650.0,1259913581.0,2.991,2.997,2.976,2.993,0.7,5.76,1.63,-48.48,1958488.0,2262162.0,47456272.0,3.77,237337440.0,18.84,-189881168.0,-15.07,-98244458.0,-7.8,50788183.0,4.03,447.0,2.982,2.984,7325766912.0,21860088465,21860088465,2026-08-24,2026-08-24 11:54:14+08:00
510190,上证50ETF华安,4.262,4.2617,-0.01,-0.013,-0.3,1048.0,447022.0,4.264,4.271,4.252,4.275,0.44,0.44,0.98,-86.31,703.0,345.0,100046.0,22.38,0.0,0.0,100046.0,22.38,-5791.0,-1.3,-94256.0,-21.09,30.0,4.248,4.275,23650800.0,100799710,100799710,2026-08-24,2026-08-24 11:54:01+08:00
159880,有色ETF鹏华,0.993,0.9932,0.02,-0.003,-0.3,294456.0,29490193.8,1.007,1.012,0.99,0.996,2.21,2.3,1.59,44.13,144749.0,149707.0,1831904.0,6.21,576680.0,1.96,1255224.0,4.26,-1777497.0,-6.03,-54408.0,-0.18,43.0,0.992,0.993,1279103040.0,1270149319,1270149319,2026-08-24,2026-08-24 11:53:51+08:00
562800,稀有金属ETF嘉实,0.959,0.9587,-0.03,-0.003,-0.31,2012008.0,195434962.0,0.971,0.987,0.957,0.962,3.12,3.56,1.68,50.33,963945.0,1048063.0,7647265.0,3.91,2116511.0,1.08,5530754.0,2.83,-3981627.0,-2.04,-3665638.0,-1.88,-33.0,0.959,0.96,5653345024.0,5421557878,5421557878,2026-08-24,2026-08-24 11:53:52+08:00
513820,港股通红利ETF汇添富,1.27,1.2733,0.26,-0.004,-0.31,315060.0,40122427.0,1.277,1.279,1.27,1.274,0.71,1.85,1.0,-44.17,139634.0,175426.0,1259998.0,3.14,729845.0,1.82,530153.0,1.32,32078.0,0.08,-1292077.0,-3.22,-1.0,1.27,1.271,1706169008.0,2166834640,2166834640,2026-08-24,2026-08-24 11:54:01+08:00
513170,恒生央企ETF鹏华,1.593,1.5964,0.21,-0.005,-0.31,13062.0,2087075.0,1.62,1.62,1.591,1.598,1.81,0.66,0.91,62.99,3682.0,9380.0,536161.0,25.69,0.0,0.0,536161.0,25.69,-382358.0,-18.32,-153804.0,-7.37,49.0,1.591,1.594,196573000.0,313140789,313140789,2026-08-24,2026-08-24 11:54:06+08:00
520580,新兴亚洲ETF招商,0.954,0.9583,0.45,-0.003,-0.31,25454.0,2436159.0,0.954,0.959,0.954,0.957,0.52,0.87,1.4,-5.14,12926.0,12528.0,-348129.0,-14.29,-866578.0,-35.57,518449.0,21.28,-172584.0,-7.08,520713.0,21.37,-2.0,0.954,0.955,290983904.0,277598644,277598644,2026-08-24,2026-08-24 11:54:11+08:00
560820,中证A50ETF新华,1.208,1.2085,0.04,-0.004,-0.33,1186.0,143233.0,1.212,1.212,1.2,1.212,0.99,0.29,16.23,49.74,1168.0,18.0,1209.0,0.84,0.0,0.0,1209.0,0.84,5640.0,3.94,-6849.0,-4.78,-5.0,1.2,1.222,40926000.0,49438608,49438608,2026-08-24,2026-08-24 11:54:04+08:00
159699,恒生消费ETF广发,0.905,0.9064,0.15,-0.003,-0.33,46774.0,4232164.3,0.907,0.908,0.901,0.908,0.77,0.95,0.6,7.44,26533.0,20241.0,261045.0,6.17,-19233.0,-0.45,280278.0,6.62,-117647.0,-2.78,-143399.0,-3.39,30.0,0.904,0.906,492664256.0,445861152,445861152,2026-08-24,2026-08-24 11:54:12+08:00
159501,纳指ETF嘉实,2.068,1.8609,-11.13,-0.007,-0.34,130686.0,27072332.9,2.074,2.082,2.065,2.075,0.82,0.19,0.59,38.7,52177.0,78509.0,-5567871.0,-20.57,-617015.0,-2.28,-4950856.0,-18.29,1187585.0,4.39,4380287.0,16.18,10.0,2.067,2.068,6767986688.0,13996196471,13996196471,2026-08-24,2026-08-24 11:54:36+08:00
512240,A50ETF鹏华,1.16,1.1571,-0.25,-0.004,-0.34,26777.0,3110690.0,1.167,1.167,1.158,1.164,0.77,12.35,2.06,1.69,8704.0,18073.0,-308296.0,-9.91,0.0,0.0,-308296.0,-9.91,142859.0,4.59,165436.0,5.32,100.0,1.157,1.158,21686000.0,25155760,25155760,2026-08-24,2026-08-24 11:53:59+08:00
530050,上证50ETF东财,1.172,1.1739,0.16,-0.004,-0.34,32867.0,3854085.0,1.173,1.176,1.17,1.176,0.51,2.49,1.36,-8.93,16854.0,16013.0,-283307.0,-7.35,0.0,0.0,-283307.0,-7.35,35287.0,0.92,248020.0,6.44,10.0,1.171,1.172,131813000.0,154484836,154484836,2026-08-24,2026-08-24 11:54:19+08:00
516750,建材ETF富国,0.574,0.5737,-0.05,-0.002,-0.35,42665.0,2457829.0,0.574,0.579,0.573,0.576,1.04,3.05,0.61,-81.79,23440.0,19225.0,210450.0,8.56,-461.0,-0.02,210911.0,8.58,-222995.0,-9.07,12547.0,0.51,1.0,0.573,0.575,139667300.0,80169030,80169030,2026-08-24,2026-08-24 11:54:06+08:00
159766,旅游ETF富国,0.552,0.5513,-0.13,-0.002,-0.36,1275870.0,70522203.9,0.553,0.557,0.55,0.554,1.26,2.36,1.3,24.13,520736.0,755134.0,-9121684.0,-12.93,-4487891.0,-6.36,-4633793.0,-6.57,7196829.0,10.21,1924854.0,2.73,14.0,0.551,0.552,5400141056.0,2980877863,2980877863,2026-08-24,2026-08-24 11:54:00+08:00
562510,旅游ETF华夏,0.561,0.5609,-0.02,-0.002,-0.36,348328.0,19598292.0,0.563,0.566,0.559,0.563,1.24,3.26,1.26,30.11,172647.0,175681.0,-106140.0,-0.54,255732.0,1.3,-361872.0,-1.85,-248005.0,-1.27,354145.0,1.81,20.0,0.56,0.561,1068095008.0,599201299,599201299,2026-08-24,2026-08-24 11:54:02+08:00
530000,上证50ETF天弘,1.368,1.3704,0.18,-0.005,-0.36,16763.0,2295709.0,1.373,1.374,1.365,1.373,0.66,0.17,0.87,75.47,9096.0,7667.0,427539.0,18.62,-689110.0,-30.02,1116649.0,48.64,-416843.0,-18.16,-10697.0,-0.47,-17.0,1.368,1.369,975029408.0,1333840230,1333840230,2026-08-24,2026-08-24 11:54:08+08:00
513970,恒生消费ETF景顺,0.833,0.8354,0.29,-0.003,-0.36,271873.0,22636867.0,0.835,0.838,0.829,0.836,1.08,1.87,1.19,-32.89,107658.0,164215.0,569580.0,2.52,-375525.0,-1.66,945105.0,4.18,-121900.0,-0.54,-447680.0,-1.98,-9.0,0.833,0.834,1450041008.0,1207884160,1207884160,2026-08-24,2026-08-24 11:54:08+08:00
159617,中证500价值ETF华夏,1.351,1.3537,0.2,-0.005,-0.37,14262.0,1929916.7,1.352,1.359,1.349,1.356,0.74,4.69,1.55,0.0,5997.0,8265.0,-15074.0,-0.78,0.0,0.0,-15074.0,-0.78,-171337.0,-8.88,186411.0,9.66,206.0,1.351,1.352,30418382.0,41095234,41095234,2026-08-24,2026-08-24 11:54:00+08:00
159545,恒生红利低波ETF易方达,1.329,1.3237,-0.4,-0.005,-0.37,368176.0,49007515.19,1.332,1.336,1.327,1.334,0.67,0.7,0.95,-67.9,147741.0,220435.0,3984846.0,8.13,-548422.0,-1.12,4533268.0,9.25,-2957249.0,-6.03,-1027597.0,-2.1,10.0,1.328,1.329,5296003584.0,7038388763,7038388763,2026-08-24,2026-08-24 11:54:27+08:00
159671,稀有金属ETF工银,1.358,1.3578,-0.01,-0.005,-0.37,292664.0,40198642.6,1.377,1.397,1.353,1.363,3.23,3.29,2.04,68.45,172153.0,120511.0,-4308756.0,-10.72,-793399.0,-1.97,-3515357.0,-8.74,1843528.0,4.59,2465229.0,6.13,-35.0,1.356,1.358,889551744.0,1208011268,1208011268,2026-08-24,2026-08-24 11:54:03+08:00
562580,可选消费ETF华夏,1.063,1.0637,0.07,-0.004,-0.37,7382.0,786929.0,1.063,1.069,1.062,1.067,0.66,1.96,0.66,1.39,2470.0,4912.0,414610.0,52.69,0.0,0.0,414610.0,52.69,-366280.0,-46.55,-48330.0,-6.14,100.0,1.062,1.065,37723300.0,40099868,40099868,2026-08-24,2026-08-24 11:54:09+08:00
159302,港股高股息ETF银华,1.347,1.3517,0.35,-0.005,-0.37,21141.0,2853279.6,1.335,1.355,1.335,1.352,1.48,4.0,0.79,28.76,10537.0,10604.0,58504.0,2.05,0.0,0.0,58504.0,2.05,27822.0,0.98,-86325.0,-3.03,-1.0,1.347,1.349,52797609.0,71118379,71118379,2026-08-24,2026-08-24 11:53:54+08:00
510600,上证50ETF申万菱信,3.816,3.8304,0.38,-0.014,-0.37,10373.0,3968772.0,3.826,3.843,3.812,3.83,0.81,7.79,3.51,-48.25,159.0,10214.0,776298.0,19.56,-640995.0,-16.15,1417293.0,35.71,-1075705.0,-27.1,299408.0,7.54,861.0,3.824,3.83,13315100.0,50810422,50810422,2026-08-24,2026-08-24 11:54:05+08:00
159285,港股通消费ETF华安,0.789,0.7897,0.09,-0.003,-0.38,49366.0,3890802.6,0.792,0.796,0.786,0.792,1.26,1.99,1.09,-12.01,23004.0,26362.0,123884.0,3.18,-225165.0,-5.79,349049.0,8.97,-109351.0,-2.81,-14532.0,-0.37,213.0,0.788,0.79,248486680.0,196055991,196055991,2026-08-24,2026-08-24 11:54:27+08:00
510140,上证综指ETF华夏,1.017,1.0172,0.02,-0.004,-0.39,55183.0,5617008.0,1.019,1.023,1.015,1.021,0.78,6.88,1.33,11.84,17920.0,37262.0,-875962.0,-15.59,-1488985.0,-26.51,613023.0,10.91,400384.0,7.13,475578.0,8.47,-110.0,1.016,1.017,80230500.0,81594419,81594419,2026-08-24,2026-08-24 11:54:26+08:00
516810,农业ETF华夏,0.741,0.7415,0.07,-0.003,-0.4,705456.0,52241002.0,0.74,0.743,0.734,0.744,1.21,13.17,1.18,19.02,307458.0,397998.0,1810617.0,3.47,4190541.0,8.02,-2379924.0,-4.56,-1728669.0,-3.31,-81948.0,-0.16,2121.0,0.74,0.741,535478896.0,396789862,396789862,2026-08-24,2026-08-24 11:54:14+08:00
159974,央企创新ETF富国,1.757,1.7583,0.07,-0.007,-0.4,13406.0,2357073.1,1.763,1.763,1.757,1.764,0.34,3.4,5.55,97.84,1713.0,11693.0,85061.0,3.61,4919.0,0.21,80142.0,3.4,-80671.0,-3.42,-4391.0,-0.19,28.0,1.756,1.782,39432422.0,69282765,69282765,2026-08-24,2026-08-24 11:54:06+08:00
510100,上证50ETF易方达,2.939,2.9393,0.01,-0.012,-0.41,611829.0,179817540.0,2.96,2.96,2.932,2.951,0.95,6.51,1.35,-12.58,271956.0,339874.0,-1387694.0,-0.77,-19390924.0,-10.78,18003230.0,10.01,-1638841.0,-0.91,3026535.0,1.68,-5.0,2.938,2.939,940106800.0,2762973885,2762973885,2026-08-24,2026-08-24 11:54:10+08:00
561870,现金流全指ETF华富,1.172,1.1761,0.35,-0.005,-0.42,259.0,30485.0,1.179,1.179,1.172,1.177,0.59,0.03,0.03,-82.32,194.0,65.0,-11540.0,-37.85,0.0,0.0,-11540.0,-37.85,5860.0,19.22,5680.0,18.63,-50.0,1.172,1.184,93765000.0,109892580,109892580,2026-08-24,2026-08-24 11:53:57+08:00
159790,碳中和ETF华夏,0.712,0.712,0.0,-0.003,-0.42,104904.0,7496923.7,0.712,0.722,0.709,0.715,1.82,0.68,0.61,30.16,54105.0,50799.0,-628910.0,-8.39,358158.0,4.78,-987068.0,-13.17,275524.0,3.68,353387.0,4.71,26.0,0.71,0.712,1539528480.0,1096144278,1096144278,2026-08-24,2026-08-24 11:54:18+08:00
159055,稀有金属ETF富国,0.938,0.9385,0.05,-0.004,-0.42,100017.0,9509750.8,0.96,0.964,0.936,0.942,2.97,8.31,2.03,-3.06,32268.0,67749.0,211746.0,2.23,453790.0,4.77,-242044.0,-2.55,-403180.0,-4.24,191434.0,2.01,-100.0,0.938,0.94,120293952.0,112835727,112835727,2026-08-24,2026-08-24 11:54:36+08:00
159936,可选消费ETF广发,1.898,1.8996,0.08,-0.008,-0.42,1719.0,327160.8,1.906,1.908,1.895,1.906,0.68,0.16,0.59,0.0,975.0,744.0,190.0,0.06,0.0,0.0,190.0,0.06,38887.0,11.89,-39078.0,-11.94,6.0,1.894,1.898,108156094.0,205280266,205280266,2026-08-24,2026-08-24 11:53:36+08:00
560560,碳中和ETF泰康,0.677,0.6785,0.22,-0.003,-0.44,221.0,15060.0,0.68,0.684,0.677,0.68,1.03,0.03,0.05,66.52,14.0,207.0,6545.0,43.46,0.0,0.0,6545.0,43.46,204.0,1.35,-6749.0,-44.81,-10.0,0.676,0.68,72190100.0,48872698,48872698,2026-08-24,2026-08-24 11:54:04+08:00
562300,碳中和ETF银华,0.678,0.6784,0.06,-0.003,-0.44,784.0,53528.0,0.685,0.685,0.678,0.681,1.03,0.13,0.09,40.51,,784.0,52433.0,97.95,0.0,0.0,52433.0,97.95,-40766.0,-76.16,-11667.0,-21.8,-80.0,0.675,0.687,58495000.0,39659610,39659610,2026-08-24,2026-08-24 11:54:07+08:00
510850,上证50ETF工银,3.537,3.5285,-0.24,-0.016,-0.45,18068.0,6390218.0,3.549,3.554,3.528,3.553,0.73,3.92,0.85,44.89,12280.0,5788.0,-817862.0,-12.8,-4449924.0,-69.64,3632062.0,56.84,758871.0,11.88,58992.0,0.92,-2.0,3.534,3.539,46098900.0,163051809,163051809,2026-08-24,2026-08-24 11:54:16+08:00
159824,新能源车ETF博时,1.097,1.0955,-0.14,-0.005,-0.45,4060.0,448836.1,1.105,1.115,1.093,1.102,2.0,0.49,0.24,77.42,2037.0,2023.0,11795.0,2.63,3537.0,0.79,8258.0,1.84,10464.0,2.33,-22259.0,-4.96,20.0,1.091,1.109,82135070.0,90102172,90102172,2026-08-24,2026-08-24 11:53:39+08:00
159173,农牧ETF南方,0.861,0.8617,0.08,-0.004,-0.46,17280.0,1484912.9,0.857,0.865,0.852,0.865,1.5,3.49,0.43,18.2,6592.0,10688.0,-35682.0,-2.4,15272.0,1.03,-50954.0,-3.43,-24896.0,-1.68,60578.0,4.08,-75.0,0.86,0.865,49455388.0,42581089,42581089,2026-08-24,2026-08-24 11:54:15+08:00
159187,创业板新能源ETF景顺,0.859,0.8559,-0.36,-0.004,-0.46,10810.0,934483.254,0.866,0.876,0.854,0.863,2.55,2.03,0.47,-84.57,7817.0,2993.0,413626.0,44.26,256676.0,27.47,156950.0,16.8,-357300.0,-38.24,-56327.0,-6.03,1.0,0.852,0.86,53176266.0,45678412,45678412,2026-08-24,2026-08-24 11:53:51+08:00
510710,上证50ETF博时,4.253,4.2619,0.21,-0.02,-0.47,12960.0,5518896.0,4.265,4.277,4.251,4.273,0.61,1.28,1.52,0.24,7920.0,5040.0,225833.0,4.09,-3396484.0,-61.54,3622317.0,65.63,-175612.0,-3.18,-50220.0,-0.91,30.0,4.252,4.258,101618900.0,432185182,432185182,2026-08-24,2026-08-24 11:54:21+08:00
510990,180ESGETF工银,1.05,1.051,0.1,-0.005,-0.47,49363.0,5200576.0,1.054,1.055,1.049,1.055,0.57,12.67,2.18,-43.93,22913.0,26450.0,79245.0,1.52,-724820.0,-13.94,804065.0,15.46,-123378.0,-2.37,44133.0,0.85,1.0,1.047,1.05,38948600.0,40896030,40896030,2026-08-24,2026-08-24 11:54:22+08:00
513520,日经ETF华夏,2.257,2.1667,-4.17,-0.011,-0.49,372080.0,84330724.0,2.273,2.276,2.256,2.268,0.88,3.46,0.59,11.99,154194.0,217886.0,-8072876.0,-9.57,604259.0,0.72,-8677135.0,-10.29,6418291.0,7.61,1654586.0,1.96,95.0,2.256,2.257,1073887200.0,2423763410,2423763410,2026-08-24,2026-08-24 11:54:12+08:00
159136,A50ETF广发,1.022,1.0249,0.28,-0.005,-0.49,9572.0,980032.3,1.031,1.031,1.019,1.027,1.17,0.87,1.41,-0.85,3623.0,5949.0,-274746.0,-28.03,0.0,0.0,-274746.0,-28.03,250706.0,25.58,24040.0,2.45,2.0,1.02,1.022,109414074.0,111821184,111821184,2026-08-24,2026-08-24 11:54:00+08:00
560210,农牧渔ETF景顺,0.793,0.7941,0.14,-0.004,-0.5,88756.0,7014412.0,0.796,0.797,0.786,0.797,1.38,1.69,1.4,-60.24,39577.0,49179.0,-204548.0,-2.92,-924886.0,-13.19,720338.0,10.27,31244.0,0.45,173303.0,2.47,33.0,0.793,0.795,525522000.0,416738946,416738946,2026-08-24,2026-08-24 11:54:13+08:00
530800,上证180ETF银华,1.193,1.1927,-0.03,-0.006,-0.5,2255.0,269445.0,1.198,1.198,1.193,1.199,0.42,1.24,0.38,99.3,1011.0,1244.0,29231.0,10.85,0.0,0.0,29231.0,10.85,-30545.0,-11.34,1314.0,0.49,2.0,1.189,1.211,18201800.0,21714747,21714747,2026-08-24,2026-08-24 11:53:54+08:00
510210,上证指数ETF富国,0.993,0.9931,0.01,-0.005,-0.5,5393348.0,536649928.0,0.999,1.0,0.99,0.998,1.0,3.45,1.05,53.1,1667397.0,3725951.0,-78264288.0,-14.58,-89034048.0,-16.59,10769760.0,2.01,47455410.0,8.84,30808867.0,5.74,108.0,0.992,0.993,15617192704.0,15507872355,15507872355,2026-08-24,2026-08-24 11:54:09+08:00
561190,碳中和ETF富国,0.967,0.967,0.0,-0.005,-0.51,13970.0,1354864.0,0.972,0.979,0.964,0.972,1.54,0.72,1.11,12.09,1891.0,12079.0,124022.0,9.15,128201.0,9.46,-4179.0,-0.31,12526.0,0.92,-136548.0,-10.08,13.0,0.965,0.967,194318000.0,187905506,187905506,2026-08-24,2026-08-24 11:54:16+08:00
159787,建材ETF易方达,0.583,0.5834,0.07,-0.003,-0.51,21684.0,1268884.8,0.586,0.589,0.583,0.586,1.02,1.61,1.02,-91.89,15638.0,6046.0,-173257.0,-13.65,-31577.0,-2.49,-141680.0,-11.17,185500.0,14.62,-12244.0,-0.96,-1.0,0.582,0.584,134521633.0,78426112,78426112,2026-08-24,2026-08-24 11:54:27+08:00
517330,长江保护ETF易方达,0.97,0.9652,-0.5,-0.005,-0.51,80.0,7779.0,0.983,0.983,0.966,0.975,1.74,0.0,0.03,10.75,15.0,65.0,-4955.0,-63.7,0.0,0.0,-4955.0,-63.7,0.0,0.0,4955.0,63.7,2.0,0.961,0.982,1809169008.0,1754893938,1754893938,2026-08-24,2026-08-24 11:54:20+08:00
513810,港股国企ETF华夏,1.751,1.7572,0.35,-0.009,-0.51,35410.0,6214921.0,1.754,1.763,1.75,1.76,0.74,8.43,0.54,-90.91,10750.0,24660.0,414201.0,6.66,0.0,0.0,414201.0,6.66,575614.0,9.26,-989815.0,-15.93,-318.0,1.751,1.752,41992000.0,73527992,73527992,2026-08-24,2026-08-24 11:53:54+08:00
159595,中证A50ETF大成,1.374,1.3769,0.21,-0.007,-0.51,412878.0,56901481.4,1.381,1.384,1.368,1.381,1.16,4.51,1.13,4.68,217491.0,195387.0,2683886.0,4.72,10334085.0,18.16,-7650199.0,-13.44,-2430913.0,-4.27,-252974.0,-0.44,-17.0,1.374,1.376,916113248.0,1258739603,1258739603,2026-08-24,2026-08-24 11:53:39+08:00
562810,上证指数增强ETF嘉实,1.147,1.147,0.0,-0.006,-0.52,30397.0,3497103.0,1.154,1.156,1.144,1.153,1.04,5.74,1.1,-21.93,11608.0,18789.0,-27366.0,-0.78,592765.0,16.95,-620131.0,-17.73,-38734.0,-1.11,66100.0,1.89,20.0,1.145,1.147,52951000.0,60734797,60734797,2026-08-24,2026-08-24 11:54:07+08:00
530580,上证180ETF南方,1.159,1.1601,0.09,-0.006,-0.52,113979.0,13218929.0,1.166,1.166,1.157,1.165,0.77,19.27,1.36,18.43,68902.0,45077.0,1001673.0,7.58,3595492.0,27.2,-2593819.0,-19.62,-921682.0,-6.97,-79992.0,-0.61,1800.0,1.158,1.167,59149000.0,68553691,68553691,2026-08-24,2026-08-24 11:53:55+08:00
513000,日经225ETF易方达,2.266,2.1857,-3.67,-0.012,-0.53,301335.0,68487689.0,2.28,2.282,2.262,2.278,0.88,3.02,0.88,36.57,115581.0,185754.0,-9089409.0,-13.27,-2481791.0,-3.62,-6607618.0,-9.65,8164954.0,11.92,924456.0,1.35,90.0,2.264,2.266,999411408.0,2264666251,2264666251,2026-08-24,2026-08-24 11:54:12+08:00
159905,红利ETF工银,1.679,1.6801,0.07,-0.009,-0.53,191680.0,32229092.2,1.69,1.69,1.677,1.688,0.77,1.89,2.04,92.5,104063.0,87617.0,1671548.0,5.19,-5229098.0,-16.22,6900646.0,21.41,-1776367.0,-5.51,104819.0,0.33,386.0,1.678,1.681,1015943952.0,1705769895,1705769895,2026-08-24,2026-08-24 11:53:57+08:00
515680,央企创新ETF嘉实,1.657,1.6568,-0.01,-0.009,-0.54,4449.0,740229.0,1.666,1.667,1.655,1.666,0.72,0.04,0.45,-68.89,1181.0,3268.0,130848.0,17.68,0.0,0.0,130848.0,17.68,-119082.0,-16.09,-11765.0,-1.59,258.0,1.65,1.682,1099264704.0,1821481615,1821481615,2026-08-24,2026-08-24 11:54:15+08:00
159825,农业ETF富国,0.72,0.7194,-0.08,-0.004,-0.55,974288.0,70023827.716,0.721,0.722,0.713,0.724,1.24,3.91,0.98,54.67,489274.0,485014.0,2136598.0,3.05,-4697613.0,-6.71,6834211.0,9.76,-3366793.0,-4.81,1230194.0,1.76,485.0,0.719,0.72,2493077408.0,1795015734,1795015734,2026-08-24,2026-08-24 11:53:33+08:00
513850,美国50ETF易方达,1.803,1.7327,-4.06,-0.01,-0.55,227396.0,41132401.0,1.814,1.82,1.802,1.813,0.99,1.84,1.12,12.83,76333.0,151063.0,3573613.0,8.69,-1743082.0,-4.24,5316695.0,12.93,-1029960.0,-2.5,-2543652.0,-6.18,-1.0,1.803,1.804,1237892608.0,2231920372,2231920372,2026-08-24,2026-08-24 11:54:07+08:00
515700,新能源车ETF平安,2.188,2.1877,-0.01,-0.012,-0.55,143517.0,31593070.0,2.202,2.235,2.177,2.2,2.64,2.1,1.2,-55.23,62366.0,81151.0,-309229.0,-0.98,3757128.0,11.89,-4066357.0,-12.87,190879.0,0.6,118350.0,0.37,3.0,2.184,2.187,683510208.0,1495520335,1495520335,2026-08-24,2026-08-24 11:54:08+08:00
159577,美国50ETF汇添富,1.615,1.557,-3.73,-0.009,-0.55,238838.0,38728423.8,1.625,1.631,1.614,1.624,1.05,3.0,1.26,-24.76,90877.0,147961.0,1510346.0,3.9,-3756739.0,-9.7,5267085.0,13.6,729203.0,1.88,-2239549.0,-5.78,-64.0,1.615,1.616,796665792.0,1286615254,1286615254,2026-08-24,2026-08-24 11:53:45+08:00
159519,港股国企ETF国泰,1.783,1.7866,0.2,-0.01,-0.56,64197.0,11475906.972,1.79,1.795,1.783,1.793,0.67,11.04,0.94,-52.78,30161.0,34036.0,889672.0,7.75,0.0,0.0,889672.0,7.75,931038.0,8.11,-1820710.0,-15.87,-1.0,1.783,1.785,58157854.0,103695454,103695454,2026-08-24,2026-08-24 11:53:51+08:00
516550,农业ETF嘉实,0.699,0.6999,0.13,-0.004,-0.57,39695.0,2773546.0,0.704,0.705,0.695,0.703,1.42,1.51,0.69,90.08,18171.0,21524.0,105230.0,3.79,19163.0,0.69,86067.0,3.1,-130059.0,-4.69,24828.0,0.9,30.0,0.698,0.699,262414400.0,183427666,183427666,2026-08-24,2026-08-24 11:54:10+08:00
515150,一带一路ETF富国,1.553,1.556,0.19,-0.009,-0.58,13155.0,2046099.0,1.564,1.565,1.545,1.562,1.28,0.33,1.66,8.36,4572.0,8583.0,672478.0,32.87,-16499.0,-0.81,688977.0,33.67,-125522.0,-6.13,-546956.0,-26.73,-1.0,1.554,1.557,398703200.0,619186070,619186070,2026-08-24,2026-08-24 11:54:12+08:00
159011,养殖ETF华安,1.033,1.0321,-0.09,-0.006,-0.58,16037.0,1656245.9,1.038,1.038,1.024,1.039,1.35,5.63,0.79,-2.96,8720.0,7317.0,127470.0,7.7,0.0,0.0,127470.0,7.7,-172381.0,-10.41,44913.0,2.71,-500.0,1.031,1.035,28505168.0,29445839,29445839,2026-08-24,2026-08-24 11:54:12+08:00
159916,基本面ETF建信,5.106,5.1162,0.2,-0.03,-0.58,10.0,5109.8,5.105,5.132,5.105,5.136,0.53,0.0,0.17,-45.95,4.0,6.0,0.0,0.0,0.0,0.0,0.0,0.0,1020.0,19.96,-1020.0,-19.96,-1.0,5.106,5.136,42566039.0,217342195,217342195,2026-08-24,2026-08-24 11:54:18+08:00
159592,A50ETF银华,1.352,1.3555,0.26,-0.008,-0.59,88771.0,12038546.3,1.36,1.362,1.352,1.36,0.74,1.49,1.19,-4.81,35208.0,53563.0,475247.0,3.95,-880414.0,-7.31,1355661.0,11.26,-410820.0,-3.41,-64426.0,-0.54,86.0,1.352,1.355,596310464.0,806211747,806211747,2026-08-24,2026-08-24 11:53:45+08:00
159944,材料ETF广发,1.518,1.5152,-0.18,-0.009,-0.59,14204.0,2168151.5,1.528,1.541,1.51,1.527,2.03,4.49,0.69,-61.54,5731.0,8473.0,648318.0,29.9,0.0,0.0,648318.0,29.9,-594161.0,-27.4,-54158.0,-2.5,-6.0,1.511,1.52,31608342.0,47981463,47981463,2026-08-24,2026-08-24 11:53:51+08:00
516720,ESGETF浦银,1.151,1.1465,-0.39,-0.007,-0.6,1.0,115.0,1.151,1.151,1.151,1.158,0.0,0.0,0.01,6.25,,1.0,-115.0,-100.0,0.0,0.0,-115.0,-100.0,0.0,0.0,115.0,100.0,1.0,1.144,1.158,12337800.0,14200808,14200808,2026-08-24,2026-08-24 11:54:11+08:00
159866,日经ETF工银,1.664,1.6316,-1.99,-0.01,-0.6,548156.0,91591499.3,1.676,1.677,1.663,1.674,0.84,5.01,0.74,27.96,228625.0,319531.0,-16310733.0,-17.81,-9016496.0,-9.84,-7294237.0,-7.96,9245277.0,10.09,7065456.0,7.71,2107.0,1.664,1.665,1094979376.0,1822045682,1822045682,2026-08-24,2026-08-24 11:53:51+08:00
530060,上证指数ETF易方达,0.986,0.9859,-0.01,-0.006,-0.6,319457.0,31546430.0,0.99,0.992,0.983,0.992,0.91,3.46,1.0,19.74,83349.0,236108.0,-4799664.0,-15.21,-3501062.0,-11.1,-1298602.0,-4.12,2216340.0,7.03,2583324.0,8.19,33.0,0.985,0.986,924193008.0,911254306,911254306,2026-08-24,2026-08-24 11:54:07+08:00
159045,稀有金属ETF大成,0.824,0.8256,0.19,-0.005,-0.6,48422.0,4040197.8,0.835,0.848,0.822,0.829,3.14,2.88,0.97,-85.3,14269.0,34153.0,154174.0,3.82,0.0,0.0,154174.0,3.82,-165024.0,-4.08,10850.0,0.27,-2.0,0.824,0.831,168330213.0,138704096,138704096,2026-08-24,2026-08-24 11:54:27+08:00
520620,恒生消费ETF嘉实,0.828,0.8301,0.25,-0.005,-0.6,47921.0,3960494.0,0.829,0.831,0.824,0.833,0.84,1.61,3.33,57.6,5990.0,41931.0,3051657.0,77.05,329.0,0.01,3051328.0,77.04,-2077962.0,-52.47,-973696.0,-24.59,3.0,0.827,0.829,297409008.0,246254659,246254659,2026-08-24,2026-08-24 11:54:04+08:00
159708,红利ETF西部利得,0.811,0.8122,0.15,-0.005,-0.61,96108.0,7800578.9,0.817,0.817,0.811,0.816,0.74,5.35,1.71,-49.38,35354.0,60754.0,-21683.0,-0.28,-124466.0,-1.6,102783.0,1.32,46809.0,0.6,-25126.0,-0.32,-60.0,0.81,0.812,179528306.0,145597456,145597456,2026-08-24,2026-08-24 11:54:15+08:00
159596,A50ETF华宝,0.654,0.6546,0.09,-0.004,-0.61,216275.0,14183368.2,0.658,0.659,0.653,0.658,0.91,4.17,1.3,-31.27,96851.0,119424.0,1762565.0,12.43,2562522.0,18.07,-799957.0,-5.64,-1698945.0,-11.98,-63621.0,-0.45,-291.0,0.653,0.655,518683040.0,339218708,339218708,2026-08-24,2026-08-24 11:54:33+08:00
159513,纳斯达克100ETF大成,1.781,1.655,-7.61,-0.011,-0.61,420474.0,75112092.663,1.798,1.798,1.78,1.792,1.0,0.93,0.86,-49.04,162607.0,257867.0,-5587517.0,-7.44,88225.0,0.12,-5675742.0,-7.56,842818.0,1.12,4744699.0,6.32,9.0,1.78,1.781,4519549184.0,8049317097,8049317097,2026-08-24,2026-08-24 11:54:06+08:00
159637,新能源车ETF东财,0.82,0.8207,0.09,-0.005,-0.61,62960.0,5215362.7,0.826,0.838,0.817,0.825,2.55,1.02,0.98,35.74,31125.0,31835.0,-321053.0,-6.16,228857.0,4.39,-549910.0,-10.54,5830.0,0.11,315223.0,6.04,1.0,0.819,0.821,617768096.0,506569839,506569839,2026-08-24,2026-08-24 11:53:48+08:00
510910,上证指数ETF南方,0.972,0.9732,0.12,-0.006,-0.61,121057.0,11793817.0,0.977,0.979,0.971,0.978,0.82,7.17,0.6,-36.12,58522.0,62535.0,-1934001.0,-16.4,-745527.0,-6.32,-1188474.0,-10.08,695545.0,5.9,1238457.0,10.5,-2.0,0.972,0.973,168796000.0,164069712,164069712,2026-08-24,2026-08-24 11:54:25+08:00
159639,碳中和ETF南方,0.96,0.9601,0.01,-0.006,-0.62,29964.0,2882543.2,0.966,0.972,0.957,0.966,1.55,1.47,1.19,25.39,11241.0,18723.0,-142972.0,-4.96,0.0,0.0,-142972.0,-4.96,179605.0,6.23,-36633.0,-1.27,-52.0,0.958,0.972,203290171.0,195158564,195158564,2026-08-24,2026-08-24 11:53:51+08:00
159755,电池ETF广发,0.956,0.9553,-0.07,-0.006,-0.62,2636919.0,253362655.5,0.965,0.976,0.951,0.962,2.6,3.2,1.39,-1.29,948259.0,1688660.0,-13826491.0,-5.46,5855148.0,2.31,-19681639.0,-7.77,9238529.0,3.65,4587961.0,1.81,117.0,0.955,0.956,8250646784.0,7887618326,7887618326,2026-08-24,2026-08-24 11:53:45+08:00
513390,纳指100ETF博时,2.394,2.224,-7.64,-0.015,-0.62,227848.0,54726558.0,2.411,2.412,2.393,2.409,0.79,1.07,0.79,1.14,100707.0,127140.0,-6999896.0,-12.79,1613918.0,2.95,-8613814.0,-15.74,2360369.0,4.31,4639526.0,8.48,5.0,2.393,2.394,2138379104.0,5119279575,5119279575,2026-08-24,2026-08-24 11:54:21+08:00
560350,中证A50ETF摩根,1.273,1.2751,0.16,-0.008,-0.62,152722.0,19506532.0,1.281,1.283,1.272,1.281,0.86,1.82,1.42,49.39,82860.0,69862.0,1083670.0,5.56,3908128.0,20.03,-2824458.0,-14.48,9419.0,0.05,-1093088.0,-5.6,-119.0,1.272,1.276,837532096.0,1066178358,1066178358,2026-08-24,2026-08-24 11:53:56+08:00
510020,超大盘ETF博时,3.874,3.8734,-0.02,-0.024,-0.62,1443.0,558824.0,3.896,3.901,3.866,3.898,0.9,0.41,0.27,-67.54,155.0,1288.0,-130525.0,-23.36,0.0,0.0,-130525.0,-23.36,86985.0,15.57,43539.0,7.79,-24.0,3.867,3.905,34848000.0,135001152,135001152,2026-08-24,2026-08-24 11:54:18+08:00
560810,央企ESGETF融通,1.262,1.2601,-0.15,-0.008,-0.63,816.0,103050.0,1.272,1.272,1.26,1.27,0.94,0.05,0.44,-89.16,293.0,523.0,17128.0,16.62,0.0,0.0,17128.0,16.62,-25113.0,-24.37,7986.0,7.75,198.0,1.258,1.262,181116000.0,228568392,228568392,2026-08-24,2026-08-24 11:54:09+08:00
159910,基本面120ETF嘉实,2.357,2.3592,0.09,-0.015,-0.63,703.0,166662.4,2.373,2.374,2.357,2.372,0.72,0.08,0.88,0.0,102.0,601.0,0.0,0.0,0.0,0.0,0.0,0.0,-542.0,-0.33,542.0,0.33,-100.0,2.353,2.359,82906143.0,195409779,195409779,2026-08-24,2026-08-24 11:54:30+08:00
159640,碳中和龙头ETF工银,0.939,0.9384,-0.06,-0.006,-0.63,7411.0,697378.1,0.94,0.948,0.937,0.945,1.16,1.24,0.81,78.24,2280.0,5131.0,-175.0,-0.03,0.0,0.0,-175.0,-0.03,566.0,0.08,-391.0,-0.06,51.0,0.937,0.955,59845198.0,56194641,56194641,2026-08-24,2026-08-24 11:53:51+08:00
563350,A50ETF华泰柏瑞,1.421,1.4233,0.16,-0.009,-0.63,74824.0,10661132.0,1.43,1.431,1.419,1.43,0.84,4.4,1.85,46.51,46157.0,28667.0,491057.0,4.61,1007411.0,9.45,-516354.0,-4.84,-395353.0,-3.71,-95704.0,-0.9,2.0,1.419,1.423,169997600.0,241566590,241566590,2026-08-24,2026-08-24 11:54:10+08:00
159659,纳斯达克100ETF招商,2.316,2.14,-8.22,-0.015,-0.64,318693.0,74016396.8,2.333,2.336,2.314,2.331,0.94,0.7,0.79,40.92,119326.0,199367.0,-15657754.0,-21.15,-8757645.0,-11.83,-6900109.0,-9.32,7050259.0,9.53,8607494.0,11.63,5.0,2.314,2.316,4549744128.0,10537207400,10537207400,2026-08-24,2026-08-24 11:54:18+08:00
562530,中证1000价值ETF华夏,1.235,1.2374,0.19,-0.008,-0.64,41775.0,5181228.0,1.243,1.244,1.234,1.243,0.8,2.24,0.98,-28.39,23488.0,18287.0,378368.0,7.3,124300.0,2.4,254068.0,4.9,-347730.0,-6.71,-30638.0,-0.59,-2.0,1.234,1.239,186144000.0,229887840,229887840,2026-08-24,2026-08-24 11:53:57+08:00
515090,可持续发展ETF博时,1.384,1.3832,-0.06,-0.009,-0.65,17199.0,2385812.0,1.391,1.391,1.384,1.393,0.5,15.92,2.73,5.45,5352.0,11847.0,543177.0,22.77,804460.0,33.72,-261283.0,-10.95,-357088.0,-14.97,-186089.0,-7.8,-140.0,1.382,1.386,10801700.0,14949553,14949553,2026-08-24,2026-08-24 11:54:17+08:00
513110,纳指ETF华泰柏瑞,2.449,2.2753,-7.63,-0.016,-0.65,249235.0,61266437.0,2.468,2.479,2.448,2.465,1.26,1.14,0.62,52.58,113535.0,135700.0,-14293167.0,-23.33,-2525273.0,-4.12,-11767894.0,-19.21,4993584.0,8.15,9299583.0,15.18,210.0,2.448,2.449,2195435008.0,5376620335,5376620335,2026-08-24,2026-08-24 11:54:23+08:00
512250,A50ETF招商,1.218,1.2174,-0.05,-0.008,-0.65,542.0,66086.0,1.223,1.223,1.216,1.226,0.57,0.05,0.23,98.98,434.0,108.0,-51941.0,-78.6,0.0,0.0,-51941.0,-78.6,0.0,0.0,51941.0,78.6,54.0,1.215,1.238,119600100.0,145672922,145672922,2026-08-24,2026-08-24 11:54:21+08:00
563080,中证A50ETF易方达,1.383,1.3857,0.19,-0.009,-0.65,242488.0,33628237.0,1.392,1.394,1.382,1.392,0.86,2.22,1.53,-56.32,111385.0,131103.0,-10821519.0,-32.18,-6513649.0,-19.37,-4307870.0,-12.81,6598867.0,19.62,4222652.0,12.56,288.0,1.384,1.387,1092588400.0,1511049757,1511049757,2026-08-24,2026-08-24 11:53:52+08:00
159632,纳斯达克ETF华安,2.42,2.2504,-7.54,-0.016,-0.66,442008.0,107363216.4,2.44,2.44,2.42,2.436,0.82,0.89,0.76,28.8,187426.0,254582.0,-14687230.0,-13.68,-9292405.0,-8.66,-5394825.0,-5.02,1793165.0,1.67,12894065.0,12.01,-518.0,2.42,2.422,4962720768.0,12009784259,12009784259,2026-08-24,2026-08-24 11:53:45+08:00
515600,央企创新ETF广发,1.647,1.6475,0.03,-0.011,-0.66,12379.0,2041581.0,1.657,1.657,1.647,1.658,0.6,0.12,2.02,51.14,148.0,12231.0,133685.0,6.55,0.0,0.0,133685.0,6.55,-56079.0,-2.75,-77605.0,-3.8,-574.0,1.642,1.659,1037797408.0,1709252331,1709252331,2026-08-24,2026-08-24 11:54:01+08:00
159122,创业板新能源ETF富国,0.902,0.9003,-0.19,-0.006,-0.66,18814.0,1702347.2,0.91,0.923,0.899,0.908,2.64,2.8,1.58,-93.59,7540.0,11274.0,-57022.0,-3.35,118895.0,6.98,-175917.0,-10.33,53664.0,3.15,3356.0,0.2,1203.0,0.898,0.904,67160935.0,60579163,60579163,2026-08-24,2026-08-24 11:54:15+08:00
515900,央企创新ETF博时,1.627,1.6289,0.12,-0.011,-0.67,9222.0,1504553.0,1.636,1.641,1.626,1.638,0.92,0.04,0.54,25.68,3284.0,5938.0,345166.0,22.94,292712.0,19.46,52454.0,3.49,-193141.0,-12.84,-152025.0,-10.1,-7.0,1.626,1.629,2236846496.0,3639349249,3639349249,2026-08-24,2026-08-24 11:53:53+08:00
530280,上证180ETF平安,1.191,1.1928,0.15,-0.008,-0.67,1219.0,145205.0,1.192,1.195,1.188,1.199,0.58,0.41,0.78,98.17,205.0,1014.0,133643.0,92.04,0.0,0.0,133643.0,92.04,-141749.0,-97.62,8106.0,5.58,-985.0,1.188,1.211,29934000.0,35651394,35651394,2026-08-24,2026-08-24 11:54:08+08:00
512580,环保ETF广发,1.192,1.1956,0.3,-0.008,-0.67,28398.0,3416231.0,1.2,1.212,1.189,1.2,1.92,0.5,1.13,-2.68,11304.0,17094.0,95160.0,2.79,398967.0,11.68,-303807.0,-8.89,-123173.0,-3.61,28014.0,0.82,-100.0,1.191,1.202,565471696.0,674042262,674042262,2026-08-24,2026-08-24 11:54:04+08:00
561230,中证A50ETF工银,1.338,1.341,0.22,-0.009,-0.67,97698.0,13113013.0,1.347,1.349,1.336,1.347,0.97,2.17,1.37,31.66,42434.0,55264.0,36089.0,0.28,912109.0,6.96,-876020.0,-6.68,36979.0,0.28,-73069.0,-0.56,-114.0,1.338,1.342,450477808.0,602739307,602739307,2026-08-24,2026-08-24 11:53:59+08:00
530180,上证180ETF易方达,1.187,1.1904,0.29,-0.008,-0.67,42220.0,5029344.0,1.196,1.196,1.185,1.195,0.92,7.04,1.51,-26.19,15575.0,26645.0,503343.0,10.01,0.0,0.0,503343.0,10.01,-500004.0,-9.94,-3338.0,-0.07,1000.0,1.186,1.188,59952000.0,71163024,71163024,2026-08-24,2026-08-24 11:54:12+08:00
159861,碳中和50ETF国泰,1.036,1.0374,0.13,-0.007,-0.67,5733.0,598078.2,1.037,1.054,1.034,1.043,1.92,0.59,0.37,-87.76,2580.0,3153.0,-113842.0,-19.03,0.0,0.0,-113842.0,-19.03,97353.0,16.28,16489.0,2.76,-50.0,1.032,1.047,97117535.0,100613766,100613766,2026-08-24,2026-08-24 11:53:36+08:00
516670,畜牧养殖ETF招商,0.593,0.5915,-0.25,-0.004,-0.67,560039.0,33131426.0,0.595,0.595,0.587,0.597,1.34,1.63,1.62,40.63,257925.0,302114.0,-3007689.0,-9.08,-10543334.0,-31.82,7535645.0,22.74,1875908.0,5.66,1131781.0,3.42,29.0,0.592,0.593,3428266304.0,2032961918,2032961918,2026-08-24,2026-08-24 11:53:53+08:00
159578,深证主板50ETF南方,1.18,1.1764,-0.31,-0.008,-0.67,1028.0,121350.3,1.185,1.185,1.18,1.188,0.42,0.51,1.58,-7.43,554.0,474.0,-116496.0,-96.0,0.0,0.0,-116496.0,-96.0,86612.0,71.37,29884.0,24.63,534.0,1.176,1.179,19998831.0,23598621,23598621,2026-08-24,2026-08-24 11:54:24+08:00
515030,新能源车ETF华夏,1.633,1.6345,0.09,-0.011,-0.67,587737.0,96810657.0,1.645,1.668,1.626,1.644,2.55,3.88,1.45,9.87,297543.0,290194.0,9500286.0,9.81,7450133.0,7.7,2050153.0,2.12,-5325361.0,-5.5,-4174925.0,-4.31,-11.0,1.633,1.635,1514384000.0,2472989072,2472989072,2026-08-24,2026-08-24 11:54:18+08:00
516840,汽车ETF南方,0.743,0.7424,-0.08,-0.005,-0.67,48460.0,3604348.0,0.754,0.754,0.741,0.748,1.74,3.58,1.5,-42.62,21969.0,26491.0,-84266.0,-2.34,18814.0,0.52,-103080.0,-2.86,107986.0,3.0,-23721.0,-0.66,7.0,0.741,0.744,135277000.0,100510811,100510811,2026-08-24,2026-08-24 11:54:08+08:00
562010,绿色能源ETF华宝,0.885,0.8855,0.06,-0.006,-0.67,545.0,48618.0,0.897,0.898,0.885,0.891,1.46,0.3,0.29,15.0,82.0,463.0,-36351.0,-74.77,0.0,0.0,-36351.0,-74.77,29670.0,61.03,6682.0,13.74,2.0,0.885,0.895,18298700.0,16194350,16194350,2026-08-24,2026-08-24 11:53:46+08:00
517880,品牌消费ETF华泰柏瑞,0.745,0.7487,0.49,-0.005,-0.67,58499.0,4357211.0,0.746,0.747,0.742,0.75,0.67,11.4,2.37,-1.74,18898.0,39601.0,313550.0,7.2,-378311.0,-8.68,691861.0,15.88,-337535.0,-7.75,23984.0,0.55,-2.0,0.744,0.745,51337100.0,38246140,38246140,2026-08-24,2026-08-24 11:54:20+08:00
513100,纳指ETF国泰,2.18,1.9817,-10.01,-0.015,-0.68,418931.0,91547145.0,2.19,2.191,2.178,2.195,0.59,0.44,0.64,38.68,187673.0,231258.0,-21987702.0,-24.02,-11954012.0,-13.06,-10033690.0,-10.96,7632871.0,8.34,14354830.0,15.68,36.0,2.179,2.18,9465110528.0,20633940951,20633940951,2026-08-24,2026-08-24 11:54:08+08:00
516070,低碳ETF易方达,0.585,0.5863,0.22,-0.004,-0.68,15405.0,906874.0,0.589,0.593,0.584,0.589,1.53,0.53,0.61,-88.37,5546.0,9859.0,58967.0,6.5,280775.0,30.96,-221808.0,-24.46,-33862.0,-3.73,-25105.0,-2.77,-144.0,0.584,0.586,291646000.0,170612910,170612910,2026-08-24,2026-08-24 11:54:07+08:00
510130,上证中盘ETF易方达,7.293,7.2992,0.08,-0.05,-0.68,401.0,294167.0,7.341,7.341,7.289,7.343,0.71,0.13,0.2,67.63,132.0,269.0,98555.0,33.5,0.0,0.0,98555.0,33.5,-131522.0,-44.71,32966.0,11.21,5.0,7.27,7.416,31485100.0,229620834,229620834,2026-08-24,2026-08-24 11:54:24+08:00
159885,碳中和ETF鹏华,0.718,0.7206,0.36,-0.005,-0.69,5817.0,422474.6,0.728,0.734,0.717,0.723,2.35,0.24,2.07,-97.71,2617.0,3200.0,52291.0,12.38,0.0,0.0,52291.0,12.38,-96058.0,-22.74,43768.0,10.36,178.0,0.718,0.73,246467316.0,176963533,176963533,2026-08-24,2026-08-24 11:53:33+08:00
513880,日经225ETF华安,2.119,2.028,-4.49,-0.015,-0.7,377292.0,80426165.0,2.134,2.142,2.118,2.134,1.12,2.89,0.7,-24.64,161570.0,215722.0,-3501262.0,-4.35,-2908870.0,-3.62,-592392.0,-0.74,2716968.0,3.38,784294.0,0.98,356.0,2.118,2.119,1306970000.0,2769469430,2769469430,2026-08-24,2026-08-24 11:53:58+08:00
513300,纳斯达克ETF华夏,2.645,2.4522,-7.86,-0.019,-0.71,727571.0,193142741.0,2.665,2.671,2.643,2.664,1.05,1.37,1.11,-21.33,313740.0,413831.0,-24695326.0,-12.79,-18029497.0,-9.33,-6665829.0,-3.45,12134494.0,6.28,12560832.0,6.5,566.0,2.644,2.645,5310671104.0,14046725070,14046725070,2026-08-24,2026-08-24 11:54:06+08:00
159275,农牧渔ETF华宝,0.835,0.8348,-0.02,-0.006,-0.71,55352.0,4609098.258,0.841,0.841,0.826,0.841,1.78,2.19,0.93,-48.04,23692.0,31660.0,-17942.0,-0.39,415999.0,9.03,-433941.0,-9.41,2681.0,0.06,15259.0,0.33,14.0,0.834,0.836,253302909.0,211507929,211507929,2026-08-24,2026-08-24 11:54:21+08:00
562890,A50ETF嘉实,1.385,1.3844,-0.04,-0.01,-0.72,31154.0,4322370.0,1.392,1.395,1.384,1.395,0.79,1.17,0.47,81.89,19417.0,11737.0,118470.0,2.74,789721.0,18.27,-671251.0,-15.53,-100284.0,-2.32,-18187.0,-0.42,-360.0,1.382,1.397,266051000.0,368480635,368480635,2026-08-24,2026-08-24 11:53:47+08:00
562990,碳中和ETF易方达,0.969,0.9702,0.12,-0.007,-0.72,24809.0,2416153.0,0.976,0.982,0.968,0.976,1.43,0.66,0.9,-24.07,10229.0,14580.0,86689.0,3.59,0.0,0.0,86689.0,3.59,-15524.0,-0.64,-71163.0,-2.95,-595.0,0.968,0.98,377756000.0,366045564,366045564,2026-08-24,2026-08-24 11:54:11+08:00
510980,上证指数ETF汇添富,1.382,1.3812,-0.06,-0.01,-0.72,520340.0,72041198.0,1.392,1.392,1.378,1.392,1.01,7.02,1.23,10.03,186809.0,333531.0,-24162283.0,-33.54,-17116352.0,-23.76,-7045931.0,-9.78,12860396.0,17.85,11301889.0,15.69,7.0,1.381,1.382,740798000.0,1023782836,1023782836,2026-08-24,2026-08-24 11:54:23+08:00
159591,A50ETF富国,1.382,1.3824,0.03,-0.01,-0.72,118927.0,16486591.1,1.392,1.392,1.381,1.392,0.79,3.63,1.37,-11.76,56948.0,61979.0,2433511.0,14.76,5682020.0,34.46,-3248509.0,-19.7,-2617212.0,-15.87,183702.0,1.11,-2.0,1.382,1.385,327905680.0,453165650,453165650,2026-08-24,2026-08-24 11:54:30+08:00
512260,中证500低波动ETF华安,1.9,1.9036,0.19,-0.014,-0.73,736.0,140564.0,1.925,1.925,1.9,1.914,1.31,0.37,0.26,-21.03,141.0,595.0,-43864.0,-31.21,0.0,0.0,-43864.0,-31.21,0.0,0.0,43864.0,31.21,-184.0,1.901,1.913,19697700.0,37425630,37425630,2026-08-24,2026-08-24 11:54:27+08:00
159872,智能网联汽车ETF鹏华,0.819,0.8177,-0.16,-0.006,-0.73,623.0,51167.5,0.828,0.831,0.817,0.825,1.7,0.11,0.13,-30.75,25.0,598.0,-6325.0,-12.36,-5373.0,-10.5,-952.0,-1.86,16380.0,32.01,-10055.0,-19.65,10.0,0.818,0.819,58799732.0,48156981,48156981,2026-08-24,2026-08-24 11:54:03+08:00
159757,电池ETF景顺,0.796,0.7961,0.01,-0.006,-0.75,153938.0,12382508.5,0.801,0.812,0.793,0.802,2.37,6.34,2.44,-52.52,109534.0,44404.0,-2144705.0,-17.32,-4954783.0,-40.01,2810078.0,22.69,1693284.0,13.67,451420.0,3.65,-1.0,0.794,0.797,242931891.0,193373785,193373785,2026-08-24,2026-08-24 11:53:48+08:00
512190,浙商之江凤凰ETF,2.916,2.9073,-0.3,-0.022,-0.75,8326.0,2431722.0,2.945,2.946,2.91,2.938,1.23,0.42,0.73,97.87,737.0,7589.0,-178207.0,-7.33,-769701.0,-31.65,591494.0,24.32,384444.0,15.81,-206238.0,-8.48,3.0,2.911,2.916,198718400.0,579462854,579462854,2026-08-24,2026-08-24 11:54:10+08:00
159775,电池ETF建信,0.793,0.7928,-0.03,-0.006,-0.75,183191.0,14646388.2,0.796,0.809,0.79,0.799,2.38,2.72,1.41,15.05,81454.0,101737.0,-811.0,-0.01,562371.0,3.84,-563182.0,-3.85,-68260.0,-0.47,69070.0,0.47,7.0,0.792,0.794,674648960.0,534996625,534996625,2026-08-24,2026-08-24 11:54:06+08:00
159865,养殖ETF国泰,0.526,0.5253,-0.13,-0.004,-0.75,2453114.0,128944054.7,0.529,0.529,0.522,0.53,1.32,2.01,1.16,63.58,1065580.0,1387534.0,-13893687.0,-10.77,-11158335.0,-8.65,-2735352.0,-2.12,7248640.0,5.62,6645048.0,5.15,731.0,0.525,0.526,12205455616.0,6420069654,6420069654,2026-08-24,2026-08-24 11:54:00+08:00
561750,A50ETF博时,1.17,1.1699,-0.01,-0.009,-0.76,13144.0,1538788.0,1.173,1.173,1.169,1.179,0.34,2.09,2.15,0.0,8464.0,4680.0,-32614.0,-2.12,585351.0,38.04,-617965.0,-40.16,-67624.0,-4.39,100239.0,6.51,2000.0,1.168,1.19,62996000.0,73705320,73705320,2026-08-24,2026-08-24 11:53:58+08:00
159616,农牧ETF建信,0.779,0.7792,0.03,-0.006,-0.76,46192.0,3603082.8,0.786,0.786,0.777,0.785,1.15,6.74,0.59,-1.7,25052.0,21140.0,-30550.0,-0.85,0.0,0.0,-30550.0,-0.85,48548.0,1.35,-17998.0,-0.5,1198.0,0.778,0.779,68561112.0,53409106,53409106,2026-08-24,2026-08-24 11:53:51+08:00
512180,MSCIA股ETF建信,1.687,1.6875,0.03,-0.013,-0.76,321.0,54277.0,1.691,1.691,1.687,1.7,0.24,0.07,0.46,-40.77,,321.0,54277.0,100.0,0.0,0.0,54277.0,100.0,-52590.0,-96.89,-1687.0,-3.11,-10.0,1.683,1.7,48048000.0,81056976,81056976,2026-08-24,2026-08-24 11:53:59+08:00
159715,稀土ETF易方达,1.169,1.1693,0.03,-0.009,-0.76,237047.0,27965554.3,1.189,1.196,1.166,1.178,2.55,4.63,0.97,26.82,120229.0,116818.0,-279198.0,-1.0,-1443956.0,-5.16,1164758.0,4.16,-146348.0,-0.52,425546.0,1.52,1.0,1.168,1.169,512030272.0,598563388,598563388,2026-08-24,2026-08-24 11:54:06+08:00
159767,电池龙头ETF兴银,0.778,0.7778,-0.03,-0.006,-0.77,20323.0,1596065.3,0.789,0.793,0.775,0.784,2.3,0.85,0.93,-15.12,10003.0,10320.0,-205107.0,-12.85,-26705.0,-1.67,-178402.0,-11.18,36837.0,2.31,168270.0,10.54,-100.0,0.776,0.779,239873672.0,186621717,186621717,2026-08-24,2026-08-24 11:54:03+08:00
159621,ESGETF国泰,1.153,1.1544,0.12,-0.009,-0.77,21810.0,2529284.6,1.162,1.163,1.153,1.162,0.86,15.11,1.33,-85.57,13207.0,8603.0,-570692.0,-22.56,0.0,0.0,-570692.0,-22.56,451971.0,17.87,118721.0,4.69,-1.0,1.151,1.162,14434717.0,16643229,16643229,2026-08-24,2026-08-24 11:54:03+08:00
560910,电池ETF华泰柏瑞,0.769,0.7671,-0.25,-0.006,-0.77,120155.0,9296646.0,0.775,0.787,0.764,0.775,2.97,6.17,1.94,33.3,56432.0,63723.0,869028.0,9.35,812113.0,8.74,56915.0,0.61,-870699.0,-9.37,1671.0,0.02,66.0,0.765,0.77,194721000.0,149740449,149740449,2026-08-24,2026-08-24 11:53:49+08:00
159020,养殖ETF易方达,0.89,0.8892,-0.09,-0.007,-0.78,33444.0,2970242.2,0.893,0.893,0.883,0.897,1.11,2.49,0.86,34.22,12946.0,20498.0,-479277.0,-16.14,-446833.0,-15.04,-32444.0,-1.09,315770.0,10.63,163508.0,5.5,20.0,0.89,0.891,134567082.0,119764703,119764703,2026-08-24,2026-08-24 11:54:24+08:00
513870,纳指ETF富国,2.038,1.8868,-8.01,-0.016,-0.78,216501.0,44296265.0,2.055,2.056,2.036,2.054,0.97,1.58,1.14,-32.5,82383.0,134118.0,-4100773.0,-9.26,-1408556.0,-3.18,-2692217.0,-6.08,1282235.0,2.89,2818539.0,6.36,1.0,2.037,2.038,1370671008.0,2793427514,2793427514,2026-08-24,2026-08-24 11:54:15+08:00
589960,科创新能源ETF易方达,0.885,0.884,-0.11,-0.007,-0.78,426165.0,38242559.0,0.894,0.911,0.88,0.892,3.48,25.02,2.23,5.53,250623.0,175542.0,-1535755.0,-4.02,-2591905.0,-6.78,1056150.0,2.76,1179045.0,3.08,356711.0,0.93,-57.0,0.882,0.885,170316000.0,150729660,150729660,2026-08-24,2026-08-24 11:53:44+08:00
159713,稀土ETF富国,1.267,1.267,0.0,-0.01,-0.78,339779.0,43496918.9,1.283,1.298,1.263,1.277,2.74,6.56,1.59,26.8,194778.0,145001.0,-3960231.0,-9.1,-5745706.0,-13.21,1785475.0,4.1,2714329.0,6.24,1245902.0,2.86,10.0,1.266,1.267,517755056.0,655995656,655995656,2026-08-24,2026-08-24 11:54:18+08:00
159156,电池ETF万家,0.893,0.8929,-0.01,-0.007,-0.78,27013.0,2433688.2,0.903,0.912,0.89,0.9,2.44,1.27,1.32,-45.93,13713.0,13300.0,-269370.0,-11.07,234815.0,9.65,-504185.0,-20.72,70813.0,2.91,198556.0,8.16,10.0,0.891,0.894,212461253.0,189727899,189727899,2026-08-24,2026-08-24 11:54:24+08:00
561020,食品ETF招商,1.007,1.0074,0.04,-0.008,-0.79,6452.0,649839.0,1.012,1.012,1.003,1.015,0.89,1.9,0.3,45.65,3161.0,3291.0,-138512.0,-21.31,0.0,0.0,-138512.0,-21.31,80610.0,12.4,57902.0,8.91,50.0,1.006,1.025,34022200.0,34260355,34260355,2026-08-24,2026-08-24 11:54:15+08:00
512030,中证A50增强ETF易方达,1.128,1.1287,0.06,-0.009,-0.79,14364.0,1625335.0,1.141,1.141,1.127,1.137,1.23,3.18,1.41,-57.63,4734.0,9630.0,101524.0,6.25,0.0,0.0,101524.0,6.25,-3568.0,-0.22,-97955.0,-6.03,-1.0,1.127,1.13,45240000.0,51030720,51030720,2026-08-24,2026-08-24 11:54:22+08:00
561470,畜牧养殖ETF天弘,1.003,1.0049,0.19,-0.008,-0.79,18259.0,1832234.0,1.008,1.008,0.998,1.011,0.99,3.66,1.32,33.86,6718.0,11541.0,-483369.0,-26.38,0.0,0.0,-483369.0,-26.38,370232.0,20.21,113137.0,6.17,-5.0,1.003,1.014,49936000.0,50085808,50085808,2026-08-24,2026-08-24 11:54:07+08:00
516090,新能源ETF易方达,0.498,0.498,0.0,-0.004,-0.8,518402.0,26035739.0,0.502,0.509,0.496,0.502,2.59,3.09,1.31,51.03,227827.0,290575.0,89296.0,0.34,538918.0,2.07,-449622.0,-1.73,691198.0,2.65,-780494.0,-3.0,15.0,0.497,0.498,1678844800.0,836064710,836064710,2026-08-24,2026-08-24 11:54:20+08:00
516390,新能源车ETF汇添富,0.87,0.8713,0.15,-0.007,-0.8,20797.0,1822712.0,0.876,0.89,0.867,0.877,2.62,1.14,0.9,82.66,4411.0,16386.0,741390.0,40.68,-1770.0,-0.1,743160.0,40.77,-232000.0,-12.73,-509391.0,-27.95,-21.0,0.867,0.871,182761000.0,159002070,159002070,2026-08-24,2026-08-24 11:54:13+08:00
159641,碳中和ETF招商,0.995,0.9962,0.12,-0.008,-0.8,11554.0,1152632.4,0.999,1.008,0.994,1.003,1.4,1.33,1.05,60.79,9273.0,2281.0,-116779.0,-10.13,-357344.0,-31.0,240565.0,20.87,140946.0,12.23,-24165.0,-2.1,-2183.0,0.993,1.002,86719131.0,86285535,86285535,2026-08-24,2026-08-24 11:54:06+08:00
159941,纳指ETF广发,1.622,1.4838,-9.31,-0.013,-0.8,2631388.0,427742611.82,1.628,1.632,1.621,1.635,0.67,1.17,0.78,15.84,1015283.0,1616105.0,-25724711.0,-6.01,-60422617.0,-14.13,34697906.0,8.11,8941786.0,2.09,16782926.0,3.92,12104.0,1.621,1.622,22533210112.0,36548866802,36548866802,2026-08-24,2026-08-24 11:53:48+08:00
159796,电池ETF汇添富,0.864,0.8629,-0.13,-0.007,-0.8,1736059.0,151182553.3,0.869,0.884,0.858,0.871,2.99,2.74,1.34,74.22,1050762.0,685297.0,2263409.0,1.5,-3832170.0,-2.53,6095579.0,4.03,-4852.0,0.0,-2258557.0,-1.49,9.0,0.862,0.863,6334467584.0,5472979993,5472979993,2026-08-24,2026-08-24 11:53:33+08:00
530300,上证180ETF华泰柏瑞,1.224,1.2271,0.25,-0.01,-0.81,18856.0,2317343.0,1.235,1.235,1.222,1.234,1.05,5.6,1.52,98.03,10180.0,8676.0,-624538.0,-26.95,0.0,0.0,-624538.0,-26.95,619736.0,26.74,4801.0,0.21,-12.0,1.224,1.234,33643000.0,41179032,41179032,2026-08-24,2026-08-24 11:54:05+08:00
515760,浙江国资ETF华夏,1.347,1.3464,-0.04,-0.011,-0.81,19659.0,2659512.0,1.358,1.358,1.347,1.358,0.81,2.06,1.88,-62.9,5026.0,14633.0,102388.0,3.85,0.0,0.0,102388.0,3.85,-120206.0,-4.52,17818.0,0.67,1.0,1.344,1.369,95388100.0,128487771,128487771,2026-08-24,2026-08-24 11:53:55+08:00
159007,养殖ETF华泰柏瑞,0.859,0.8597,0.08,-0.007,-0.81,71752.0,6155355.4,0.862,0.862,0.853,0.866,1.04,3.76,0.79,51.14,32724.0,39028.0,252454.0,4.1,-171484.0,-2.79,423938.0,6.89,-381305.0,-6.19,128850.0,2.09,-1747.0,0.856,0.862,190603274.0,163728212,163728212,2026-08-24,2026-08-24 11:54:09+08:00
159076,创业板新能源ETF华宝,0.858,0.8571,-0.11,-0.007,-0.81,111671.0,9659419.096,0.873,0.879,0.854,0.865,2.89,4.42,1.36,-85.51,39915.0,71756.0,560795.0,5.81,0.0,0.0,560795.0,5.81,-413219.0,-4.28,-147576.0,-1.53,167.0,0.855,0.863,252373015.0,216536047,216536047,2026-08-24,2026-08-24 11:53:57+08:00
159660,纳指ETF汇添富,2.335,2.1651,-7.85,-0.019,-0.81,185368.0,43462353.1,2.356,2.357,2.334,2.354,0.98,0.82,0.86,0.98,78429.0,106939.0,-8197829.0,-18.86,-3185050.0,-7.33,-5012779.0,-11.53,3973356.0,9.14,4224473.0,9.72,-89.0,2.335,2.336,2253151360.0,5261108426,5261108426,2026-08-24,2026-08-24 11:53:57+08:00
159149,创业板新能源ETF工银,0.86,0.8607,0.08,-0.007,-0.81,29466.0,2557415.3,0.869,0.879,0.858,0.867,2.42,5.61,0.8,44.18,18861.0,10605.0,154704.0,6.05,32917.0,1.29,121787.0,4.76,-164969.0,-6.45,10265.0,0.4,269.0,0.86,0.862,52515298.0,45163156,45163156,2026-08-24,2026-08-24 11:54:06+08:00
516780,稀土ETF华泰柏瑞,0.846,0.8469,0.11,-0.007,-0.82,588770.0,50356149.0,0.856,0.868,0.844,0.853,2.81,2.42,0.91,21.22,332219.0,256551.0,-1436269.0,-2.85,-883631.0,-1.75,-552638.0,-1.1,24406.0,0.05,1411864.0,2.8,-97.0,0.846,0.849,2431099696.0,2056710343,2056710343,2026-08-24,2026-08-24 11:54:05+08:00
510760,上证指数ETF国泰,1.317,1.3185,0.11,-0.011,-0.83,1124760.0,148541616.0,1.327,1.328,1.314,1.328,1.05,3.33,1.24,-1.8,426388.0,698372.0,-31104111.0,-20.94,-37062521.0,-24.95,5958410.0,4.01,18090822.0,12.18,13013289.0,8.76,179.0,1.317,1.318,3374503696.0,4444221368,4444221368,2026-08-24,2026-08-24 11:54:02+08:00
159720,智能车ETF泰康,0.715,0.7163,0.18,-0.006,-0.83,10821.0,776315.9,0.72,0.728,0.713,0.721,2.08,2.36,1.51,98.79,6227.0,4594.0,61276.0,7.89,0.0,0.0,61276.0,7.89,-76462.0,-9.85,15186.0,1.96,-2.0,0.713,0.716,45812357.0,32755835,32755835,2026-08-24,2026-08-24 11:53:57+08:00
159806,新能源车ETF国泰,0.714,0.7148,0.11,-0.006,-0.83,115153.0,8312292.9,0.721,0.73,0.712,0.72,2.5,1.38,0.98,18.38,57594.0,57559.0,-152764.0,-1.84,-1936936.0,-23.3,1784172.0,21.46,-95276.0,-1.15,248040.0,2.98,1333.0,0.713,0.715,837089440.0,597681860,597681860,2026-08-24,2026-08-24 11:53:57+08:00
516580,新能源ETF博时,0.591,0.5904,-0.1,-0.005,-0.84,20668.0,1232372.0,0.596,0.603,0.588,0.596,2.52,1.4,0.65,27.18,15791.0,4877.0,-64744.0,-5.25,378631.0,30.72,-443375.0,-35.98,60042.0,4.87,4702.0,0.38,520.0,0.588,0.592,147124100.0,86950343,86950343,2026-08-24,2026-08-24 11:54:15+08:00
562070,沪深300指增ETF华宝,1.046,1.0451,-0.09,-0.009,-0.85,23275.0,2440931.0,1.046,1.054,1.044,1.055,0.95,0.42,0.46,-85.58,7227.0,16048.0,-319121.0,-13.07,0.0,0.0,-319121.0,-13.07,126812.0,5.2,192310.0,7.88,149.0,1.043,1.051,552542000.0,577958932,577958932,2026-08-24,2026-08-24 11:54:12+08:00
159172,养殖ETF汇添富,0.813,0.8125,-0.06,-0.007,-0.85,69210.0,5621132.421,0.82,0.82,0.807,0.82,1.59,1.75,0.98,5.86,20994.0,48216.0,-200610.0,-3.57,-271650.0,-4.83,71040.0,1.26,-156712.0,-2.79,357322.0,6.36,-24.0,0.812,0.814,394829296.0,320996218,320996218,2026-08-24,2026-08-24 11:54:36+08:00
530680,上证180ETF兴业,1.157,1.1587,0.15,-0.01,-0.86,13302.0,1541805.0,1.161,1.163,1.154,1.167,0.77,1.22,0.75,-73.18,4751.0,8551.0,739718.0,47.98,0.0,0.0,739718.0,47.98,-656991.0,-42.61,-82727.0,-5.37,1.0,1.154,1.165,108891900.0,125987928,125987928,2026-08-24,2026-08-24 11:54:02+08:00
510040,上证180ETF鹏华,1.15,1.1537,0.32,-0.01,-0.86,10622.0,1226970.0,1.171,1.171,1.149,1.16,1.9,3.73,0.95,95.26,637.0,9985.0,620297.0,50.56,0.0,0.0,620297.0,50.56,-526962.0,-42.95,-93334.0,-7.61,468.0,1.149,1.172,28480000.0,32752000,32752000,2026-08-24,2026-08-24 11:54:03+08:00
560420,食品ETF前海开源,0.924,0.926,0.22,-0.008,-0.86,5069.0,468705.0,0.924,0.927,0.921,0.932,0.64,0.38,0.59,83.1,2581.0,2488.0,-54481.0,-11.62,0.0,0.0,-54481.0,-11.62,-50619.0,-10.8,105100.0,22.42,-30.0,0.922,0.927,132780200.0,122688905,122688905,2026-08-24,2026-08-24 11:54:05+08:00
560160,食品ETF易方达,0.918,0.919,0.11,-0.008,-0.86,8660.0,795961.0,0.928,0.928,0.915,0.926,1.4,0.77,0.49,58.3,2983.0,5677.0,-233108.0,-29.29,0.0,0.0,-233108.0,-29.29,217098.0,27.27,16010.0,2.01,12.0,0.917,0.92,112706000.0,103464108,103464108,2026-08-24,2026-08-24 11:54:11+08:00
159023,养殖ETF万家,1.038,1.0379,-0.01,-0.009,-0.86,14370.0,1490998.5,1.045,1.045,1.03,1.047,1.43,3.8,0.52,99.42,8394.0,5976.0,27341.0,1.83,0.0,0.0,27341.0,1.83,-83975.0,-5.63,56634.0,3.8,1445.0,1.037,1.04,37777943.0,39213505,39213505,2026-08-24,2026-08-24 11:54:24+08:00
588960,科创新能源ETF富国,1.154,1.1544,0.03,-0.01,-0.86,43642.0,5079502.0,1.167,1.188,1.149,1.164,3.35,3.06,1.29,2.05,18105.0,25537.0,251435.0,4.95,831049.0,16.36,-579614.0,-11.41,-223618.0,-4.4,-27816.0,-0.55,137.0,1.153,1.155,142579800.0,164537089,164537089,2026-08-24,2026-08-24 11:54:01+08:00
510180,上证180ETF华安,3.919,3.9254,0.16,-0.034,-0.86,98644.0,38781771.0,3.956,3.956,3.911,3.953,1.14,0.22,1.28,79.0,38816.0,59828.0,-3100486.0,-7.99,3166376.0,8.16,-6266862.0,-16.16,-102761.0,-0.26,3203248.0,8.26,1.0,3.913,3.919,4418057728.0,17314368236,17314368236,2026-08-24,2026-08-24 11:54:00+08:00
159182,家电ETF南方,0.916,0.9126,-0.37,-0.008,-0.87,881.0,80813.0,0.921,0.921,0.915,0.924,0.65,0.24,1.67,-33.33,352.0,529.0,36430.0,45.08,0.0,0.0,36430.0,45.08,-19898.0,-24.62,-16532.0,-20.46,2.0,0.897,0.916,36485663.0,33420867,33420867,2026-08-24,2026-08-24 11:54:33+08:00
588830,科创新能源ETF鹏华,1.25,1.2514,0.11,-0.011,-0.87,393115.0,49939989.0,1.259,1.289,1.244,1.261,3.57,5.81,1.09,-16.54,213462.0,179653.0,2801841.0,5.61,-99351.0,-0.2,2901192.0,5.81,-2721914.0,-5.45,-79926.0,-0.16,-58.0,1.25,1.252,676847904.0,846059880,846059880,2026-08-24,2026-08-24 11:53:43+08:00
159593,中证A50ETF平安,1.366,1.3675,0.11,-0.012,-0.87,335059.0,45912539.0,1.378,1.379,1.365,1.378,1.02,1.8,1.44,9.22,202636.0,132423.0,9123145.0,19.87,7193305.0,15.67,1929840.0,4.2,-3412187.0,-7.43,-5710957.0,-12.44,-43.0,1.366,1.368,1862196048.0,2543759802,2543759802,2026-08-24,2026-08-24 11:53:54+08:00
512550,富时A50ETF嘉实,1.814,1.8122,-0.1,-0.016,-0.87,17238.0,3130258.0,1.824,1.829,1.81,1.83,1.04,1.57,1.07,5.89,10294.0,6944.0,49874.0,1.59,0.0,0.0,49874.0,1.59,-82245.0,-2.63,32370.0,1.03,1.0,1.811,1.814,109906000.0,199369484,199369484,2026-08-24,2026-08-24 11:54:24+08:00
159512,汽车ETF广发,1.028,1.0287,0.07,-0.009,-0.87,36153.0,3727000.0,1.037,1.04,1.026,1.037,1.35,3.5,0.51,84.7,19487.0,16666.0,-731377.0,-19.62,-14857.0,-0.4,-716520.0,-19.23,358737.0,9.63,372642.0,10.0,-1.0,1.028,1.029,103264855.0,106156271,106156271,2026-08-24,2026-08-24 11:54:09+08:00
159730,家电ETF博时,1.009,1.0108,0.18,-0.009,-0.88,4959.0,503434.6,1.016,1.016,1.009,1.018,0.69,1.16,1.78,14.29,144.0,4815.0,79950.0,15.88,0.0,0.0,79950.0,15.88,-48624.0,-9.66,-31325.0,-6.22,10.0,1.008,1.028,42571340.0,42954482,42954482,2026-08-24,2026-08-24 11:54:30+08:00
159758,红利质量ETF华夏,1.12,1.1213,0.12,-0.01,-0.88,289860.0,32615172.5,1.125,1.132,1.118,1.13,1.24,2.19,1.64,7.8,132244.0,157616.0,-331518.0,-1.02,-3531589.0,-10.83,3200071.0,9.81,473355.0,1.45,-141837.0,-0.43,-5.0,1.119,1.121,1326290784.0,1485445678,1485445678,2026-08-24,2026-08-24 11:54:18+08:00
512960,央企结构调整ETF博时,1.443,1.4397,-0.23,-0.013,-0.89,817.0,117626.0,1.451,1.451,1.438,1.456,0.89,0.0,0.06,-2.96,39.0,778.0,6849.0,5.82,0.0,0.0,6849.0,5.82,0.0,0.0,-6849.0,-5.82,5.0,1.436,1.444,3856657296.0,5565156478,5565156478,2026-08-24,2026-08-24 11:54:07+08:00
159696,纳指ETF易方达,2.004,1.8442,-8.67,-0.018,-0.89,130656.0,26271094.5,2.019,2.019,2.004,2.022,0.74,0.47,0.64,34.83,59086.0,71570.0,-8261025.0,-31.45,-4653722.0,-17.71,-3607303.0,-13.73,3589901.0,13.66,4671123.0,17.78,-2.0,2.004,2.005,2802824032.0,5616859360,5616859360,2026-08-24,2026-08-24 11:53:45+08:00
159528,国企改革ETF富国,1.231,1.2315,0.04,-0.011,-0.89,1315.0,165184.9,1.248,1.265,1.231,1.242,2.74,1.8,0.78,-7.39,46.0,1269.0,-120328.0,-72.84,0.0,0.0,-120328.0,-72.84,85106.0,51.52,35221.0,21.32,-2.0,1.229,1.233,7320773.0,9011872,9011872,2026-08-24,2026-08-24 11:54:03+08:00
512450,畜牧养殖ETF广发,0.876,0.8761,0.01,-0.008,-0.9,19085.0,1668850.0,0.881,0.887,0.87,0.884,1.92,1.74,1.13,62.81,8175.0,10910.0,140182.0,8.4,-440203.0,-26.38,580385.0,34.78,-175586.0,-10.52,35404.0,2.12,10.0,0.873,0.877,109867000.0,96243492,96243492,2026-08-24,2026-08-24 11:54:13+08:00
530080,上证180ETF天弘,1.216,1.2197,0.3,-0.011,-0.9,39768.0,4867494.0,1.226,1.228,1.216,1.227,0.98,13.75,1.54,-0.05,25577.0,14191.0,-1496921.0,-30.75,-1127201.0,-23.16,-369720.0,-7.6,1429780.0,29.37,67141.0,1.38,1900.0,1.218,1.219,28917000.0,35163072,35163072,2026-08-24,2026-08-24 11:54:06+08:00
159183,新能源车ETF招商,0.868,0.8685,0.06,-0.008,-0.91,42992.0,3769522.25,0.879,0.887,0.868,0.876,2.17,9.27,1.75,8.48,14742.0,28250.0,-11778.0,-0.31,207438.0,5.5,-219216.0,-5.82,82380.0,2.19,-70602.0,-1.87,-146.0,0.867,0.87,46387793.0,40264604,40264604,2026-08-24,2026-08-24 11:54:18+08:00
561900,沪深300ESGETF招商,0.977,0.976,-0.1,-0.009,-0.91,4260.0,417824.0,0.983,0.984,0.974,0.986,1.01,1.62,0.26,-92.08,69.0,4191.0,14223.0,3.4,0.0,0.0,14223.0,3.4,0.0,0.0,-14223.0,-3.4,1.0,0.972,0.986,26334400.0,25728709,25728709,2026-08-24,2026-08-24 11:54:05+08:00
159155,电池ETF大成,0.868,0.8685,0.06,-0.008,-0.91,212301.0,18656879.0,0.877,0.889,0.864,0.876,2.85,4.34,1.28,-20.11,78128.0,134173.0,754702.0,4.05,1595990.0,8.55,-841288.0,-4.51,-273076.0,-1.46,-481625.0,-2.58,64.0,0.867,0.868,489513296.0,424897541,424897541,2026-08-24,2026-08-24 11:53:51+08:00
515770,MSCI中国A股ETF摩根,1.396,1.3951,-0.06,-0.013,-0.92,4038.0,565099.0,1.398,1.401,1.393,1.409,0.57,1.02,3.99,-93.46,30.0,4008.0,-1958.0,-0.35,0.0,0.0,-1958.0,-0.35,0.0,0.0,1958.0,0.35,-1.0,1.392,1.409,39727300.0,55459311,55459311,2026-08-24,2026-08-24 11:54:05+08:00
512460,电池ETF华夏,0.86,0.8604,0.05,-0.008,-0.92,91915.0,7958293.0,0.874,0.882,0.857,0.868,2.88,3.17,1.04,5.24,50682.0,41233.0,-717795.0,-9.02,-303557.0,-3.81,-414238.0,-5.21,467600.0,5.88,250195.0,3.14,-15.0,0.86,0.861,289823008.0,249247787,249247787,2026-08-24,2026-08-24 11:54:11+08:00
159160,电池ETF东财,0.851,0.8522,0.14,-0.008,-0.93,113026.0,9708187.5,0.86,0.873,0.848,0.859,2.91,5.24,1.38,4.01,62552.0,50474.0,-894677.0,-9.22,-114883.0,-1.18,-779794.0,-8.03,-49108.0,-0.51,943785.0,9.72,40.0,0.851,0.852,215819254.0,183662185,183662185,2026-08-24,2026-08-24 11:54:24+08:00
159190,创业板新能源ETF天弘,0.853,0.8518,-0.14,-0.008,-0.93,155267.0,13358847.6,0.868,0.871,0.848,0.861,2.67,21.54,1.94,-70.36,60232.0,95035.0,403344.0,3.02,1262612.0,9.45,-859268.0,-6.43,-266036.0,-1.99,-137307.0,-1.03,98.0,0.85,0.865,72069299.0,61475112,61475112,2026-08-24,2026-08-24 11:54:21+08:00
560550,碳中和ETF广发,0.963,0.9654,0.25,-0.009,-0.93,2933.0,282728.0,0.975,0.977,0.963,0.972,1.44,0.23,0.47,-70.97,320.0,2613.0,5671.0,2.01,0.0,0.0,5671.0,2.01,-10723.0,-3.79,5053.0,1.79,-9.0,0.96,0.977,125597400.0,120950296,120950296,2026-08-24,2026-08-24 11:53:57+08:00
563850,食品ETF广发,0.944,0.9447,0.07,-0.009,-0.94,7766.0,733580.0,0.952,0.952,0.942,0.953,1.05,0.66,0.62,80.17,3703.0,4063.0,-133363.0,-18.18,0.0,0.0,-133363.0,-18.18,109080.0,14.87,24283.0,3.31,2400.0,0.942,0.948,118481700.0,111846725,111846725,2026-08-24,2026-08-24 11:53:50+08:00
159390,中证A50ETF国联,1.248,1.2482,0.02,-0.012,-0.95,22652.0,2838454.2,1.263,1.263,1.248,1.26,1.19,2.07,0.58,4.95,12825.0,9827.0,-1060086.0,-37.35,0.0,0.0,-1060086.0,-37.35,934673.0,32.93,125412.0,4.42,10.0,1.247,1.249,109268771.0,136367426,136367426,2026-08-24,2026-08-24 11:54:33+08:00
516160,新能源ETF南方,2.509,2.5102,0.05,-0.024,-0.95,390702.0,98979602.0,2.533,2.565,2.499,2.533,2.61,2.53,1.49,18.8,188381.0,202321.0,-471476.0,-0.48,-1983048.0,-2.0,1511572.0,1.53,1922454.0,1.94,-1450978.0,-1.47,3.0,2.508,2.509,1542142000.0,3869234278,3869234278,2026-08-24,2026-08-24 11:54:15+08:00
563930,上证增强ETF招商,1.046,1.0485,0.24,-0.01,-0.95,27543.0,2883521.0,1.055,1.056,1.044,1.056,1.14,7.96,1.67,11.06,7769.0,19774.0,-210658.0,-7.31,-1236072.0,-42.87,1025414.0,35.56,209760.0,7.27,899.0,0.03,-2.0,1.047,1.048,34592000.0,36183232,36183232,2026-08-24,2026-08-24 11:54:10+08:00
560320,食品ETF富国,0.924,0.9266,0.28,-0.009,-0.96,9082.0,840806.0,0.942,0.942,0.923,0.933,2.04,0.73,0.36,-60.2,350.0,8732.0,-24198.0,-2.88,0.0,0.0,-24198.0,-2.88,13136.0,1.56,11063.0,1.32,-19.0,0.923,0.933,124332000.0,114882768,114882768,2026-08-24,2026-08-24 11:53:55+08:00
515840,食品ETF南方,1.019,1.021,0.2,-0.01,-0.97,5365.0,546256.0,1.024,1.024,1.016,1.029,0.78,1.4,0.15,58.48,2529.0,2836.0,128258.0,23.48,0.0,0.0,128258.0,23.48,-128898.0,-23.6,640.0,0.12,-600.0,1.018,1.034,38426400.0,39156502,39156502,2026-08-24,2026-08-24 11:54:03+08:00
512390,中国低波ETF平安,1.222,1.2234,0.11,-0.012,-0.97,5.0,612.0,1.227,1.227,1.222,1.234,0.41,0.0,0.04,-36.0,,5.0,-367.0,-59.97,0.0,0.0,-367.0,-59.97,0.0,0.0,367.0,59.97,-3.0,1.22,1.231,15682000.0,19163404,19163404,2026-08-24,2026-08-24 11:54:19+08:00
516850,新能源ETF华夏,0.922,0.9236,0.17,-0.009,-0.97,79485.0,7399723.0,0.933,0.943,0.92,0.931,2.47,5.67,1.16,-24.83,36566.0,42919.0,-15509.0,-0.21,4415.0,0.06,-19924.0,-0.27,-32859.0,-0.44,48367.0,0.65,-40.0,0.922,0.923,140237000.0,129298514,129298514,2026-08-24,2026-08-24 11:54:04+08:00
159752,新能源ETF申万菱信,0.61,0.6108,0.13,-0.006,-0.97,18843.0,1162219.0,0.618,0.624,0.609,0.616,2.44,0.46,0.57,27.89,7433.0,11410.0,74932.0,6.45,165176.0,14.21,-90244.0,-7.76,-109292.0,-9.4,34360.0,2.96,-247.0,0.61,0.611,409958912.0,250074936,250074936,2026-08-24,2026-08-24 11:53:42+08:00
560130,食品ETF鹏华,0.91,0.9116,0.18,-0.009,-0.98,3102.0,282795.0,0.914,0.914,0.906,0.919,0.87,0.44,2.79,62.63,140.0,2962.0,17582.0,6.22,0.0,0.0,17582.0,6.22,-12323.0,-4.36,-5259.0,-1.86,-10.0,0.91,0.912,69776200.0,63496342,63496342,2026-08-24,2026-08-24 11:53:55+08:00
159791,300ESGETF华夏,1.096,1.0985,0.23,-0.011,-0.99,8378.0,922266.6,1.107,1.107,1.096,1.107,0.99,2.7,0.54,98.53,3000.0,5378.0,107846.0,11.69,0.0,0.0,107846.0,11.69,-105859.0,-11.48,-1987.0,-0.22,-1000.0,1.094,1.107,31083347.0,34067348,34067348,2026-08-24,2026-08-24 11:54:06+08:00
516590,智能汽车ETF易方达,1.097,1.0964,-0.05,-0.011,-0.99,11323.0,1253675.0,1.108,1.11,1.093,1.108,1.53,2.18,1.74,-67.72,6780.0,4543.0,-105902.0,-8.45,332.0,0.03,-106234.0,-8.47,99860.0,7.97,6041.0,0.48,24.0,1.094,1.118,52015000.0,57060455,57060455,2026-08-24,2026-08-24 11:53:55+08:00
516600,消费服务ETF工银,0.602,0.6031,0.18,-0.006,-0.99,7508.0,454628.0,0.611,0.611,0.602,0.608,1.48,0.66,0.71,2.1,6998.0,510.0,-82846.0,-18.22,-243702.0,-53.6,160856.0,35.38,41938.0,9.22,40908.0,9.0,-50.0,0.602,0.603,113332100.0,68225924,68225924,2026-08-24,2026-08-24 11:54:09+08:00
159976,湾创ETF工银,1.283,1.2858,0.22,-0.013,-1.0,109.0,13990.6,1.291,1.291,1.283,1.296,0.62,0.02,0.25,58.67,101.0,8.0,12057.0,86.18,0.0,0.0,12057.0,86.18,0.0,0.0,-12058.0,-86.19,99.0,1.256,1.296,63885872.0,81965574,81965574,2026-08-24,2026-08-24 11:53:30+08:00
516660,新能源车ETF华安,0.987,0.9909,0.39,-0.01,-1.0,2037.0,203552.0,0.996,1.013,0.987,0.997,2.61,0.13,0.29,0.0,918.0,1119.0,-122286.0,-60.08,-3663.0,-1.8,-118623.0,-58.28,82785.0,40.67,39500.0,19.41,-100.0,0.99,1.001,154689000.0,152678043,152678043,2026-08-24,2026-08-24 11:53:56+08:00
560180,沪深300ESGETF南方,1.187,1.1875,0.04,-0.012,-1.0,5762.0,686090.0,1.192,1.193,1.185,1.199,0.67,3.69,0.39,-25.3,3810.0,1952.0,-18052.0,-2.63,0.0,0.0,-18052.0,-2.63,0.0,0.0,18052.0,2.63,-50.0,1.184,1.199,15603000.0,18520761,18520761,2026-08-24,2026-08-24 11:54:12+08:00
560710,船舶ETF富国,0.889,0.8912,0.25,-0.009,-1.0,143854.0,12839373.0,0.893,0.901,0.885,0.898,1.78,0.8,0.54,4.89,54411.0,89443.0,-681075.0,-5.3,477277.0,3.72,-1158352.0,-9.02,72169.0,0.56,608906.0,4.74,-30.0,0.889,0.89,1789580000.0,1590936620,1590936620,2026-08-24,2026-08-24 11:54:06+08:00
510150,消费ETF招商,0.496,0.4963,0.06,-0.005,-1.0,512078.0,25442162.0,0.499,0.501,0.494,0.501,1.4,1.82,1.54,76.41,222121.0,289957.0,-310019.0,-1.22,-253495.0,-1.0,-56524.0,-0.22,-177613.0,-0.7,487632.0,1.92,319.0,0.495,0.496,2811178608.0,1394344590,1394344590,2026-08-24,2026-08-24 11:54:07+08:00
516270,新能源ETF华安,0.59,0.5897,-0.05,-0.006,-1.01,125945.0,7492618.0,0.593,0.602,0.588,0.596,2.35,4.52,1.69,-12.7,51182.0,74763.0,568000.0,7.58,546658.0,7.3,21342.0,0.28,-565050.0,-7.54,-2949.0,-0.04,4000.0,0.589,0.591,278909008.0,164556315,164556315,2026-08-24,2026-08-24 11:54:09+08:00
159027,畜牧养殖ETF大成,0.883,0.885,0.23,-0.009,-1.01,9769.0,861948.8,0.892,0.892,0.878,0.892,1.57,0.85,0.27,3.53,2625.0,7144.0,106536.0,12.36,-75077.0,-8.71,181613.0,21.07,-132252.0,-15.34,25717.0,2.98,-1.0,0.882,0.885,114472283.0,101079026,101079026,2026-08-24,2026-08-24 11:54:21+08:00
159043,食品ETF华安,0.985,0.9867,0.17,-0.01,-1.01,301398.0,29785218.909,0.988,0.991,0.981,0.995,1.01,15.01,,78.21,123758.0,177640.0,4426173.0,14.86,12240278.0,41.1,-7814105.0,-26.23,-3933787.0,-13.21,-492386.0,-1.65,-300.0,0.985,0.986,200770695.0,197759135,197759135,2026-08-24,2026-08-24 11:54:36+08:00
159565,汽车零部件ETF易方达,1.277,1.2777,0.05,-0.013,-1.01,120538.0,15528964.1,1.29,1.302,1.273,1.29,2.25,8.63,1.14,-8.29,55655.0,64883.0,-346447.0,-2.23,1162033.0,7.48,-1508480.0,-9.71,539072.0,3.47,-192625.0,-1.24,-3400.0,1.276,1.281,139627231.0,178303974,178303974,2026-08-24,2026-08-24 11:54:18+08:00
516380,智能电动车ETF华宝,0.87,0.8691,-0.1,-0.009,-1.02,340.0,29757.0,0.879,0.884,0.869,0.879,1.71,0.04,0.1,86.45,77.0,263.0,22200.0,74.6,176.0,0.59,22024.0,74.01,5801.0,19.49,-28003.0,-94.11,-50.0,0.867,0.884,83449300.0,72600891,72600891,2026-08-24,2026-08-24 11:54:11+08:00
159368,创业板新能源ETF华夏,0.67,0.67,0.0,-0.007,-1.03,2051583.0,138564442.8,0.676,0.687,0.667,0.677,2.95,19.72,1.63,-35.39,1015037.0,1036546.0,-681630.0,-0.49,-14121934.0,-10.19,13440304.0,9.7,-342451.0,-0.25,1024081.0,0.74,8700.0,0.669,0.671,1040579680.0,697188386,697188386,2026-08-24,2026-08-24 11:54:09+08:00
562880,电池ETF嘉实,0.763,0.7626,-0.05,-0.008,-1.04,207856.0,16074193.0,0.768,0.782,0.758,0.771,3.11,2.35,1.15,62.03,114946.0,92910.0,-241218.0,-1.5,-189126.0,-1.18,-52092.0,-0.32,-64903.0,-0.4,306120.0,1.9,30.0,0.76,0.763,884899600.0,675178395,675178395,2026-08-24,2026-08-24 11:54:14+08:00
159959,央企ETF银华,1.61,1.6108,0.05,-0.017,-1.04,2022.0,326855.1,1.63,1.63,1.608,1.627,1.35,0.01,1.56,2.07,1992.0,30.0,115418.0,35.31,267455.0,81.83,-152037.0,-46.52,-119123.0,-36.45,3706.0,1.13,20.0,1.606,1.61,1827891776.0,2942905759,2942905759,2026-08-24,2026-08-24 11:53:36+08:00
159052,新能源电池ETF嘉实,0.854,0.8544,0.05,-0.009,-1.04,26315.0,2260900.8,0.863,0.874,0.852,0.863,2.55,1.35,1.16,5.84,11178.0,15137.0,13505.0,0.6,-357852.0,-15.83,371357.0,16.43,-97883.0,-4.33,84378.0,3.73,-499.0,0.852,0.854,194926092.0,166466883,166466883,2026-08-24,2026-08-24 11:54:33+08:00
159192,家电ETF汇添富,0.94,0.9407,0.07,-0.01,-1.05,10497.0,992632.3,0.946,0.947,0.94,0.95,0.74,6.18,4.44,89.99,2138.0,8359.0,33622.0,3.39,0.0,0.0,33622.0,3.39,-28260.0,-2.85,-5362.0,-0.54,-51.0,0.936,0.949,16987065.0,15967841,15967841,2026-08-24,2026-08-24 11:54:24+08:00
517550,沪港深消费龙头ETF招商,0.66,0.664,0.6,-0.007,-1.05,56065.0,3698296.0,0.669,0.669,0.658,0.667,1.65,6.72,1.42,-10.05,42305.0,13760.0,81790.0,2.21,894403.0,24.18,-812613.0,-21.97,-44307.0,-1.2,-37483.0,-1.01,-400.0,0.659,0.661,83417400.0,55055484,55055484,2026-08-24,2026-08-24 11:54:01+08:00
512160,MSCI中国A股ETF南方,1.512,1.5148,0.18,-0.016,-1.05,5081.0,769850.0,1.528,1.528,1.511,1.528,1.11,0.42,0.88,-9.7,2087.0,2994.0,36684.0,4.77,0.0,0.0,36684.0,4.77,-45450.0,-5.9,8766.0,1.14,-89.0,1.511,1.528,121777800.0,184128034,184128034,2026-08-24,2026-08-24 11:54:25+08:00
516760,养殖ETF平安,0.566,0.5654,-0.11,-0.006,-1.05,43523.0,2456959.0,0.572,0.572,0.561,0.572,1.92,1.39,0.91,44.06,14674.0,28849.0,-696595.0,-28.35,-176277.0,-7.17,-520318.0,-21.18,487663.0,19.85,208932.0,8.5,1.0,0.564,0.566,314215104.0,177845749,177845749,2026-08-24,2026-08-24 11:54:11+08:00
561160,电池ETF富国,0.744,0.7439,-0.01,-0.008,-1.06,390705.0,29345854.0,0.751,0.762,0.74,0.752,2.93,1.71,1.44,97.26,204101.0,186604.0,-2369579.0,-8.07,-3326152.0,-11.33,956573.0,3.26,1968697.0,6.71,400883.0,1.37,6.0,0.742,0.744,2280835008.0,1696941246,1696941246,2026-08-24,2026-08-24 11:54:05+08:00
561910,电池ETF招商,0.738,0.7372,-0.11,-0.008,-1.07,681176.0,50717044.0,0.744,0.757,0.734,0.746,3.08,1.47,1.14,96.9,301539.0,379637.0,-4355654.0,-8.59,-958314.0,-1.89,-3397340.0,-6.7,2753474.0,5.43,1602180.0,3.16,-587.0,0.737,0.739,4630076672.0,3416996584,3416996584,2026-08-24,2026-08-24 11:54:12+08:00
159387,创业板新能源ETF国泰,0.739,0.7391,0.01,-0.008,-1.07,2528498.0,188467430.4,0.747,0.758,0.736,0.747,2.95,16.89,1.32,-4.47,1339651.0,1188847.0,-2376797.0,-1.26,-25676544.0,-13.62,23299747.0,12.36,3116883.0,1.65,-740086.0,-0.39,-4179.0,0.738,0.74,1497189648.0,1106423150,1106423150,2026-08-24,2026-08-24 11:54:27+08:00
159208,航空航天ETF万家,1.013,1.0128,-0.02,-0.011,-1.07,62079.0,6309573.0,1.024,1.028,1.007,1.024,2.05,1.82,0.83,25.5,26533.0,35546.0,-320916.0,-5.09,-110255.0,-1.75,-210661.0,-3.34,124150.0,1.97,196766.0,3.12,20.0,1.012,1.013,341462784.0,345901800,345901800,2026-08-24,2026-08-24 11:54:27+08:00
159175,电池ETF易方达,0.92,0.9215,0.16,-0.01,-1.08,131532.0,12273172.341,0.928,0.944,0.916,0.93,3.01,2.7,1.21,1.15,66854.0,64678.0,-623175.0,-5.08,-83788.0,-0.68,-539387.0,-4.39,-25049.0,-0.2,648223.0,5.28,1.0,0.918,0.922,487270384.0,448288753,448288753,2026-08-24,2026-08-24 11:54:03+08:00
159556,中证2000增强ETF平安,1.187,1.1894,0.2,-0.013,-1.08,8794.0,1048547.2,1.229,1.229,1.183,1.2,3.83,5.65,1.38,-41.82,4516.0,4278.0,-97069.0,-9.26,0.0,0.0,-97069.0,-9.26,47860.0,4.56,49209.0,4.69,-30.0,1.186,1.2,15556089.0,18465078,18465078,2026-08-24,2026-08-24 11:54:27+08:00
159602,中国A50ETF南方,1.087,1.0914,0.4,-0.012,-1.09,76486.0,8347396.266,1.1,1.1,1.086,1.099,1.27,1.89,2.1,78.79,42340.0,34146.0,63739.0,0.76,2026746.0,24.28,-1963007.0,-23.52,-2684.0,-0.03,-61056.0,-0.73,-2.0,1.085,1.099,404542944.0,439738180,439738180,2026-08-24,2026-08-24 11:53:42+08:00
562700,汽车零部件ETF华夏,1.18,1.1802,0.02,-0.013,-1.09,125484.0,14883117.0,1.188,1.202,1.174,1.193,2.35,12.21,1.61,-44.08,41687.0,83797.0,335964.0,2.26,-3252499.0,-21.85,3588463.0,24.11,-642354.0,-4.32,306389.0,2.06,100.0,1.178,1.183,102750000.0,121245000,121245000,2026-08-24,2026-08-24 11:54:09+08:00
512150,富时A50ETF汇安,1.896,1.8951,-0.05,-0.021,-1.1,1530.0,290770.0,1.905,1.905,1.896,1.917,0.47,0.85,1.38,-31.09,796.0,734.0,-284502.0,-97.84,0.0,0.0,-284502.0,-97.84,126996.0,43.68,157506.0,54.17,200.0,1.89,1.914,18073400.0,34267166,34267166,2026-08-24,2026-08-24 11:54:10+08:00
159189,石油ETF华夏,0.893,0.8932,0.02,-0.01,-1.11,110008.0,9822255.7,0.9,0.902,0.889,0.903,1.44,9.99,1.39,53.91,48939.0,61069.0,582287.0,5.93,0.0,0.0,582287.0,5.93,-527596.0,-5.37,-54691.0,-0.56,29.0,0.891,0.893,110083187.0,98304286,98304286,2026-08-24,2026-08-24 11:53:45+08:00
510670,上证180ETF华夏,0.982,0.987,0.51,-0.011,-1.11,4528.0,446456.0,0.993,0.993,0.982,0.993,1.11,0.25,0.63,1.1,1269.0,3259.0,84390.0,18.9,0.0,0.0,84390.0,18.9,-113024.0,-25.32,28635.0,6.41,-1.0,0.983,0.989,177993000.0,174789126,174789126,2026-08-24,2026-08-24 11:54:05+08:00
159867,养殖ETF鹏华,0.535,0.5353,0.06,-0.006,-1.11,490270.0,26272315.2,0.539,0.539,0.532,0.541,1.29,3.05,1.35,28.6,328253.0,162017.0,-2226568.0,-8.47,-7002138.0,-26.65,4775570.0,18.18,1262803.0,4.81,963766.0,3.67,-2217.0,0.535,0.536,1605643600.0,859019326,859019326,2026-08-24,2026-08-24 11:53:57+08:00
510320,沪深300ETF中金,1.243,1.2435,0.04,-0.014,-1.11,135029.0,16866848.0,1.259,1.262,1.241,1.257,1.67,2.16,1.44,84.14,57045.0,77984.0,-403059.0,-2.39,0.0,0.0,-403059.0,-2.39,287942.0,1.71,115117.0,0.68,-24.0,1.242,1.25,625068496.0,776960141,776960141,2026-08-24,2026-08-24 11:54:22+08:00
512430,家居家电ETF华泰柏瑞,0.887,0.8877,0.08,-0.01,-1.11,6911.0,614171.0,0.892,0.892,0.887,0.897,0.56,2.41,0.77,27.36,2294.0,4617.0,2301.0,0.37,0.0,0.0,2301.0,0.37,0.0,0.0,-2301.0,-0.37,-2260.0,0.885,0.897,28720000.0,25474640,25474640,2026-08-24,2026-08-24 11:54:21+08:00
159697,石油ETF鹏华,1.331,1.3305,-0.04,-0.015,-1.11,207546.0,27673241.8,1.34,1.345,1.325,1.346,1.49,1.99,0.87,-86.08,96585.0,110961.0,-1065513.0,-3.85,-1371681.0,-4.96,306168.0,1.11,2444552.0,8.83,-1379039.0,-4.98,17.0,1.328,1.331,1045022000.0,1390924282,1390924282,2026-08-24,2026-08-24 11:54:09+08:00
159009,创业板新能源ETF易方达,0.878,0.8792,0.14,-0.01,-1.13,6948.0,617653.3,0.899,0.899,0.877,0.888,2.48,1.17,0.81,-43.27,3311.0,3637.0,51889.0,8.4,253362.0,41.02,-201473.0,-32.62,-19107.0,-3.09,-32783.0,-5.31,-17.0,0.877,0.888,59392703.0,52146793,52146793,2026-08-24,2026-08-24 11:54:12+08:00
510300,沪深300ETF华泰柏瑞,4.627,4.6287,0.04,-0.053,-1.13,4833938.0,2246100924.0,4.678,4.692,4.616,4.68,1.62,2.06,1.07,2.42,1623723.0,3210215.0,-255440768.0,-11.37,-287607536.0,-12.8,32166768.0,1.43,20572560.0,0.92,234868219.0,10.46,54.0,4.625,4.627,23481487616.0,108648843199,108648843199,2026-08-24,2026-08-24 11:54:02+08:00
512950,央企改革ETF华夏,1.487,1.4896,0.17,-0.017,-1.13,27684.0,4132007.0,1.504,1.505,1.485,1.504,1.33,0.07,0.65,1.82,6591.0,21093.0,733645.0,17.76,225001.0,5.45,508644.0,12.31,-703166.0,-17.02,-30481.0,-0.74,-7.0,1.487,1.488,4042551008.0,6011273349,6011273349,2026-08-24,2026-08-24 11:54:19+08:00
510350,沪深300ETF工银,4.868,4.8667,-0.03,-0.056,-1.14,29828.0,14633936.0,4.942,4.942,4.858,4.924,1.71,0.44,1.78,-0.39,15480.0,14348.0,-1485894.0,-10.15,1739513.0,11.89,-3225407.0,-22.04,854529.0,5.84,631364.0,4.31,-10.0,4.863,4.87,676014704.0,3290839579,3290839579,2026-08-24,2026-08-24 11:54:25+08:00
516150,稀土ETF嘉实,1.732,1.7318,-0.01,-0.02,-1.14,538146.0,94252698.0,1.754,1.776,1.728,1.752,2.74,1.4,1.07,-11.36,275973.0,262173.0,2525646.0,2.68,-8465264.0,-8.98,10990910.0,11.66,-1342435.0,-1.42,-1183212.0,-1.26,-4.0,1.732,1.733,3831077008.0,6635425378,6635425378,2026-08-24,2026-08-24 11:54:03+08:00
159147,电池ETF南方,0.866,0.868,0.23,-0.01,-1.14,378856.0,33262581.0,0.882,0.888,0.863,0.876,2.85,1.83,1.93,-28.22,175397.0,203459.0,422657.0,1.27,-721847.0,-2.17,1144504.0,3.44,-182503.0,-0.55,-240153.0,-0.72,-63.0,0.868,0.872,2069409552.0,1792108672,1792108672,2026-08-24,2026-08-24 11:54:03+08:00
561000,沪深300增强ETF华安,1.297,1.2984,0.11,-0.015,-1.14,23304.0,3041782.0,1.312,1.314,1.296,1.312,1.37,4.45,0.81,-51.26,5098.0,18206.0,75601.0,2.49,0.0,0.0,75601.0,2.49,61528.0,2.02,-137128.0,-4.51,-100.0,1.297,1.298,52420000.0,67988740,67988740,2026-08-24,2026-08-24 11:54:12+08:00
510310,沪深300ETF易方达,4.498,4.4956,-0.05,-0.052,-1.14,837211.0,377691394.0,4.545,4.548,4.483,4.55,1.43,0.73,0.94,-58.79,250908.0,586303.0,-64872065.0,-17.18,-44009656.0,-11.65,-20862409.0,-5.52,29883892.0,7.91,34988173.0,9.26,-2746.0,4.492,4.498,11458544128.0,51540531488,51540531488,2026-08-24,2026-08-24 11:54:09+08:00
512710,军工龙头ETF富国,0.6,0.6002,0.03,-0.007,-1.15,2110440.0,127361410.0,0.605,0.609,0.597,0.607,1.98,1.8,0.98,28.85,857521.0,1252919.0,-13024856.0,-10.23,-20973719.0,-16.47,7948863.0,6.24,8045352.0,6.32,4979504.0,3.91,-1.0,0.6,0.601,11711658496.0,7026995098,7026995098,2026-08-24,2026-08-24 11:54:19+08:00
512060,A100ETF天弘,1.204,1.2034,-0.05,-0.014,-1.15,23844.0,2885017.0,1.217,1.217,1.203,1.218,1.15,21.82,2.7,44.0,11738.0,12106.0,-266742.0,-9.25,0.0,0.0,-266742.0,-9.25,244002.0,8.46,22740.0,0.79,5.0,1.2,1.218,10928000.0,13157312,13157312,2026-08-24,2026-08-24 11:54:18+08:00
159687,亚太精选ETF南方,1.813,1.8483,1.91,-0.021,-1.15,334660.0,60912091.8,1.829,1.829,1.813,1.834,0.87,2.05,0.87,-36.95,116433.0,218227.0,-4180815.0,-6.86,-3827384.0,-6.28,-353431.0,-0.58,1610868.0,2.64,2569948.0,4.22,-309.0,1.813,1.814,1633228656.0,2961043553,2961043553,2026-08-24,2026-08-24 11:53:36+08:00
159851,金融科技ETF华宝,0.603,0.6021,-0.15,-0.007,-1.15,1812596.0,109734192.8,0.607,0.615,0.6,0.61,2.46,1.84,1.07,41.76,579981.0,1232615.0,-3454812.0,-3.15,3512981.0,3.2,-6967793.0,-6.35,1044875.0,0.95,2409937.0,2.2,1639.0,0.602,0.604,9862904064.0,5947331151,5947331151,2026-08-24,2026-08-24 11:53:54+08:00
560410,电池ETF鹏华,0.854,0.856,0.23,-0.01,-1.16,10014.0,864473.0,0.863,0.881,0.851,0.864,3.47,1.67,1.73,-89.99,3161.0,6853.0,215282.0,24.9,142626.0,16.5,72656.0,8.4,-295860.0,-34.22,80580.0,9.32,-3.0,0.853,0.86,59786100.0,51057329,51057329,2026-08-24,2026-08-24 11:53:54+08:00
159840,锂电池ETF工银,0.77,0.7714,0.18,-0.009,-1.16,564320.0,43817732.1,0.779,0.788,0.768,0.779,2.57,2.85,1.35,14.35,307660.0,256660.0,1889840.0,4.31,3373140.0,7.7,-1483300.0,-3.39,-1981443.0,-4.52,91603.0,0.21,-2.0,0.77,0.772,1981574848.0,1525812633,1525812633,2026-08-24,2026-08-24 11:54:21+08:00
159875,新能源ETF嘉实,0.594,0.5957,0.29,-0.007,-1.16,720722.0,43260616.4,0.599,0.609,0.593,0.601,2.66,2.8,1.34,24.08,451645.0,269077.0,-2881106.0,-6.66,-8148833.0,-18.84,5267727.0,12.18,2552520.0,5.9,328586.0,0.76,-1662.0,0.594,0.595,2571162896.0,1527270760,1527270760,2026-08-24,2026-08-24 11:54:03+08:00
516440,工程机械ETF南方,0.939,0.9365,-0.27,-0.011,-1.16,63193.0,5946125.0,0.948,0.948,0.937,0.95,1.16,4.43,1.5,-25.75,28326.0,34867.0,-90580.0,-1.52,-468713.0,-7.88,378133.0,6.36,95079.0,1.6,-4499.0,-0.08,-209.0,0.937,0.942,142626600.0,133926377,133926377,2026-08-24,2026-08-24 11:53:58+08:00
159330,沪深300ETF东财,1.431,1.4329,0.13,-0.017,-1.17,123254.0,17698934.7,1.447,1.451,1.428,1.448,1.59,2.94,1.11,67.62,33894.0,89360.0,-4385690.0,-24.78,-1885676.0,-10.65,-2500014.0,-14.13,144852.0,0.82,4240838.0,23.96,2.0,1.43,1.431,419801008.0,600735242,600735242,2026-08-24,2026-08-24 11:54:36+08:00
159026,石油ETF南方,0.93,0.9303,0.03,-0.011,-1.17,62618.0,5809843.4,0.937,0.937,0.927,0.941,1.06,13.76,1.53,-47.09,33616.0,29002.0,159216.0,2.74,0.0,0.0,159216.0,2.74,-109054.0,-1.88,-50162.0,-0.86,2.0,0.919,0.941,45513446.0,42327505,42327505,2026-08-24,2026-08-24 11:54:30+08:00
560050,中国A50ETF汇添富,1.097,1.0961,-0.08,-0.013,-1.17,343933.0,37914944.0,1.11,1.11,1.095,1.11,1.35,1.58,0.8,-1.13,179759.0,164175.0,-603588.0,-1.59,2358359.0,6.22,-2961947.0,-7.81,-54798.0,-0.14,658385.0,1.74,41.0,1.096,1.097,2169934400.0,2380418037,2380418037,2026-08-24,2026-08-24 11:54:11+08:00
515390,沪深300ETF华安,1.348,1.3488,0.06,-0.016,-1.17,609396.0,82571159.0,1.364,1.368,1.346,1.364,1.61,3.4,1.27,15.44,297491.0,311905.0,-4886903.0,-5.92,909664.0,1.1,-5796567.0,-7.02,2851889.0,3.45,2035013.0,2.46,-2.0,1.348,1.349,1790683008.0,2413840695,2413840695,2026-08-24,2026-08-24 11:54:06+08:00
159230,通用航空ETF华夏,0.927,0.9254,-0.17,-0.011,-1.17,64370.0,5988371.0,0.938,0.939,0.921,0.938,1.92,2.07,0.87,38.9,31251.0,33119.0,-136723.0,-2.28,-13195.0,-0.22,-123528.0,-2.06,305041.0,5.09,-168317.0,-2.81,8.0,0.924,0.927,311304224.0,288579016,288579016,2026-08-24,2026-08-24 11:54:03+08:00
512380,MSCI中国ETF银华,1.591,1.5935,0.16,-0.019,-1.18,5268.0,841417.0,1.608,1.608,1.591,1.61,1.06,0.69,0.47,87.9,2804.0,2464.0,92231.0,10.96,220360.0,26.19,-128129.0,-15.23,-30208.0,-3.59,-62023.0,-7.37,2800.0,1.586,1.61,75805600.0,120606710,120606710,2026-08-24,2026-08-24 11:54:14+08:00
560590,中证1000增强ETF鹏华,1.419,1.4141,-0.35,-0.017,-1.18,3634.0,516923.0,1.427,1.432,1.413,1.436,1.32,1.27,0.45,-0.79,327.0,3307.0,132426.0,25.62,0.0,0.0,132426.0,25.62,-108089.0,-20.91,-24336.0,-4.71,-10.0,1.414,1.42,28710000.0,40739490,40739490,2026-08-24,2026-08-24 11:54:05+08:00
560380,A100ETF南方,1.261,1.2596,-0.11,-0.015,-1.18,36345.0,4609105.0,1.27,1.274,1.256,1.276,1.41,2.58,0.85,-2.25,11155.0,25190.0,162865.0,3.53,-1103996.0,-23.95,1266861.0,27.49,-47672.0,-1.03,-115192.0,-2.5,103.0,1.257,1.26,140861000.0,177625721,177625721,2026-08-24,2026-08-24 11:54:00+08:00
515660,沪深300ETF国联安,5.787,5.7991,0.21,-0.069,-1.18,5000.0,2928803.0,5.86,5.86,5.78,5.856,1.37,0.12,4.26,25.0,298.0,4702.0,-90755.0,-3.1,302965.0,10.34,-393720.0,-13.44,79183.0,2.7,11572.0,0.4,-1.0,5.775,5.8,432694208.0,2504001382,2504001382,2026-08-24,2026-08-24 11:54:21+08:00
515330,沪深300ETF天弘,1.329,1.3306,0.12,-0.016,-1.19,49012.0,6540672.0,1.345,1.345,1.327,1.345,1.34,0.08,0.53,15.98,21221.0,27791.0,-1545158.0,-23.62,140586.0,2.15,-1685744.0,-25.77,628565.0,9.61,916593.0,14.01,-104.0,1.329,1.331,6164709632.0,8192899101,8192899101,2026-08-24,2026-08-24 11:54:21+08:00
159305,储能电池ETF广发,0.827,0.8273,0.04,-0.01,-1.19,244762.0,20508334.6,0.837,0.847,0.825,0.837,2.63,2.05,1.08,59.67,97676.0,147086.0,-28620.0,-0.14,1044329.0,5.09,-1072949.0,-5.23,242100.0,1.18,-213480.0,-1.04,122.0,0.826,0.832,1196640304.0,989621531,989621531,2026-08-24,2026-08-24 11:54:18+08:00
159919,沪深300ETF嘉实,4.83,4.8323,0.05,-0.058,-1.19,1423668.0,690158936.3,4.886,4.889,4.82,4.888,1.41,2.29,1.91,-25.87,579154.0,844514.0,-44753411.0,-6.48,-76955424.0,-11.15,32202013.0,4.67,28695872.0,4.16,16057540.0,2.33,-21.0,4.829,4.83,6221016576.0,30047510062,30047510062,2026-08-24,2026-08-24 11:53:48+08:00
515730,家居家电ETF永赢,0.828,0.8286,0.07,-0.01,-1.19,15578.0,1293722.0,0.84,0.84,0.828,0.838,1.43,4.22,1.69,-80.88,7751.0,7827.0,-112994.0,-8.73,-289800.0,-22.4,176806.0,13.67,50065.0,3.87,62928.0,4.86,3500.0,0.827,0.833,36892000.0,30546576,30546576,2026-08-24,2026-08-24 11:53:55+08:00
159393,沪深300ETF万家,4.905,4.9183,0.27,-0.059,-1.19,20897.0,10301263.0,4.963,4.98,4.9,4.964,1.61,2.28,0.86,-5.13,10794.0,10103.0,-2047285.0,-19.87,-130980.0,-1.27,-1916305.0,-18.6,303193.0,2.94,1744093.0,16.93,8.0,4.904,4.934,91546342.0,449034808,449034808,2026-08-24,2026-08-24 11:54:03+08:00
510330,沪深300ETF华夏,4.823,4.8292,0.13,-0.058,-1.19,638550.0,309399138.0,4.882,4.885,4.813,4.881,1.48,0.76,0.93,-20.55,179518.0,459032.0,-20308010.0,-6.56,-5110856.0,-1.65,-15197154.0,-4.91,9428236.0,3.05,10879774.0,3.52,-43.0,4.822,4.823,8378349824.0,40408781201,40408781201,2026-08-24,2026-08-24 11:54:09+08:00
159996,家电ETF国泰,1.401,1.4007,-0.02,-0.017,-1.2,453257.0,63827548.1,1.418,1.418,1.399,1.418,1.34,9.97,1.44,38.02,138448.0,314809.0,7613268.0,11.93,13296721.0,20.83,-5683453.0,-8.9,-2872750.0,-4.5,-4740517.0,-7.43,30.0,1.4,1.401,454554848.0,636831342,636831342,2026-08-24,2026-08-24 11:53:45+08:00
159197,石油ETF招商,0.905,0.9057,0.08,-0.011,-1.2,32766.0,2970673.1,0.912,0.916,0.902,0.916,1.53,7.55,0.75,-94.71,19160.0,13606.0,344527.0,11.6,0.0,0.0,344527.0,11.6,-319001.0,-10.74,-25526.0,-0.86,22.0,0.902,0.91,43388290.0,39266402,39266402,2026-08-24,2026-08-24 11:54:12+08:00
159195,石油ETF华安,0.906,0.9062,0.02,-0.011,-1.2,121426.0,11016969.3,0.913,0.917,0.903,0.917,1.53,15.87,1.72,11.51,68922.0,52504.0,35701.0,0.32,0.0,0.0,35701.0,0.32,-100934.0,-0.92,65233.0,0.59,1656.0,0.905,0.908,76490164.0,69300089,69300089,2026-08-24,2026-08-24 11:54:30+08:00
159925,沪深300ETF南方,4.698,4.7028,0.1,-0.057,-1.2,146427.0,69160577.324,4.755,4.756,4.689,4.755,1.41,2.4,1.31,7.58,94138.0,52290.0,-9063491.0,-13.1,-3090490.0,-4.47,-5973001.0,-8.64,4727314.0,6.84,4336178.0,6.27,-3.0,4.695,4.698,609620864.0,2863998819,2863998819,2026-08-24,2026-08-24 11:53:51+08:00
561930,沪深300ETF招商,1.555,1.5576,0.17,-0.019,-1.21,25944.0,4044650.0,1.578,1.578,1.552,1.574,1.65,1.53,0.66,35.33,15718.0,10226.0,-6628.0,-0.16,-1352384.0,-33.44,1345756.0,33.27,-243611.0,-6.02,250241.0,6.19,1600.0,1.555,1.564,169260600.0,263200233,263200233,2026-08-24,2026-08-24 11:53:54+08:00
563670,金融科技ETF鹏华,0.652,0.6516,-0.06,-0.008,-1.21,3625.0,237074.0,0.652,0.661,0.649,0.66,1.82,0.2,0.43,-40.46,2113.0,1512.0,89357.0,37.69,0.0,0.0,89357.0,37.69,-49441.0,-20.85,-39916.0,-16.84,-390.0,0.65,0.657,181987000.0,118655524,118655524,2026-08-24,2026-08-24 11:53:43+08:00
512360,MSCIA股ETF平安,1.775,1.7749,-0.01,-0.022,-1.22,102.0,18194.0,1.793,1.793,1.771,1.797,1.22,0.04,0.3,-90.34,38.0,64.0,-7477.0,-41.1,0.0,0.0,-7477.0,-41.1,0.0,0.0,7478.0,41.1,2.0,1.77,1.786,27337700.0,48524418,48524418,2026-08-24,2026-08-24 11:54:09+08:00
515310,沪深300ETF汇添富,1.373,1.3765,0.25,-0.017,-1.22,145036.0,20014480.0,1.391,1.391,1.372,1.39,1.37,4.41,1.2,39.84,78737.0,66299.0,-3837126.0,-19.17,-2289562.0,-11.44,-1547564.0,-7.73,2362958.0,11.81,1474168.0,7.37,-689.0,1.374,1.375,328611200.0,451183178,451183178,2026-08-24,2026-08-24 11:54:05+08:00
560980,光伏龙头ETF广发,0.65,0.6505,0.08,-0.008,-1.22,189212.0,12415968.0,0.663,0.663,0.648,0.658,2.28,5.66,1.26,-12.72,75775.0,113437.0,-424914.0,-3.42,1179501.0,9.5,-1604415.0,-12.92,249478.0,2.01,175437.0,1.41,-155.0,0.649,0.651,334522000.0,217439300,217439300,2026-08-24,2026-08-24 11:54:18+08:00
159300,沪深300ETF富国,4.957,4.9642,0.15,-0.061,-1.22,145179.0,72354634.3,5.018,5.032,4.949,5.018,1.65,4.03,2.04,12.48,77535.0,67644.0,-15025631.0,-20.77,-11899165.0,-16.45,-3126466.0,-4.32,10589691.0,14.64,4435941.0,6.13,-22.0,4.955,4.957,360058096.0,1784807982,1784807982,2026-08-24,2026-08-24 11:53:48+08:00
159566,储能电池ETF易方达,1.855,1.854,-0.05,-0.023,-1.22,1114102.0,208615254.3,1.874,1.899,1.849,1.878,2.66,4.07,1.26,81.58,595563.0,518539.0,20236268.0,9.7,-2412757.0,-1.16,22649025.0,10.86,-6170680.0,-2.96,-14065588.0,-6.74,-1630.0,1.854,1.856,2737739776.0,5078507284,5078507284,2026-08-24,2026-08-24 11:54:21+08:00
589020,科创半导体设备ETF鹏华,1.216,1.2153,-0.06,-0.015,-1.22,5182637.0,636564325.0,1.233,1.249,1.203,1.231,3.74,11.56,1.16,20.36,2639983.0,2542654.0,-3565138.0,-0.56,8880862.0,1.4,-12446000.0,-1.96,-13367597.0,-2.1,16932745.0,2.66,-142.0,1.216,1.217,4484438016.0,5453076627,5453076627,2026-08-24,2026-08-24 11:53:49+08:00
159516,半导体设备ETF国泰,0.72,0.7186,-0.19,-0.009,-1.23,32840249.0,2385675703.648,0.73,0.738,0.712,0.729,3.57,5.48,1.12,39.42,15734353.0,17105896.0,-76119104.0,-3.19,-200336096.0,-8.4,124216992.0,5.21,2154144.0,0.09,73964953.0,3.1,1807.0,0.718,0.72,59960359936.0,43171459154,43171459154,2026-08-24,2026-08-24 11:53:42+08:00
159193,新能源电池ETF银华,0.803,0.803,0.0,-0.01,-1.23,41818.0,3391596.6,0.815,0.821,0.802,0.813,2.34,1.87,0.85,37.04,17975.0,23843.0,126913.0,3.74,87923.0,2.59,38990.0,1.15,-188936.0,-5.57,62022.0,1.83,10.0,0.802,0.804,223080335.0,179133509,179133509,2026-08-24,2026-08-24 11:54:27+08:00
563000,中国A50ETF易方达,1.124,1.1248,0.07,-0.014,-1.23,103535.0,11682693.0,1.142,1.142,1.123,1.138,1.67,0.66,1.12,72.16,60647.0,42888.0,-566490.0,-4.85,565500.0,4.84,-1131990.0,-9.69,341801.0,2.93,224689.0,1.92,2000.0,1.123,1.126,1565951104.0,1760129041,1760129041,2026-08-24,2026-08-24 11:54:12+08:00
159601,A50ETF华夏,1.122,1.1233,0.12,-0.014,-1.23,360232.0,40536852.4,1.134,1.135,1.12,1.136,1.32,2.55,1.0,11.38,167090.0,193142.0,-2287719.0,-5.64,1341241.0,3.31,-3628960.0,-8.95,1424895.0,3.52,862823.0,2.13,20.0,1.121,1.122,1411588080.0,1583801826,1583801826,2026-08-24,2026-08-24 11:53:54+08:00
159630,A100ETF汇添富,1.361,1.3625,0.11,-0.017,-1.23,2635.0,360425.8,1.376,1.376,1.359,1.378,1.23,1.74,2.47,95.18,802.0,1833.0,-102387.0,-28.41,0.0,0.0,-102387.0,-28.41,146307.0,40.59,-43920.0,-12.19,800.0,1.357,1.378,15113744.0,20569806,20569806,2026-08-24,2026-08-24 11:54:18+08:00
159306,汽车零部件ETF平安,1.126,1.1279,0.17,-0.014,-1.23,5468.0,624568.5,1.14,1.148,1.125,1.14,2.02,2.46,0.8,-97.23,1287.0,4181.0,-161967.0,-25.93,4898.0,0.78,-166865.0,-26.72,292548.0,46.84,-130581.0,-20.91,1.0,1.125,1.145,22244616.0,25047438,25047438,2026-08-24,2026-08-24 11:53:57+08:00
516960,机械ETF国泰,0.885,0.8872,0.25,-0.011,-1.23,6582.0,588422.0,0.897,0.902,0.884,0.896,2.01,4.1,10.26,-91.3,1886.0,4696.0,1372.0,0.23,-210632.0,-35.8,212004.0,36.03,2511.0,0.43,-3883.0,-0.66,1.0,0.883,0.892,16051100.0,14205224,14205224,2026-08-24,2026-08-24 11:54:17+08:00
159913,深价值ETF交银,2.418,2.4224,0.18,-0.03,-1.23,420.0,101958.6,2.433,2.433,2.418,2.448,0.61,0.19,1.48,42.16,177.0,243.0,0.0,0.0,0.0,0.0,0.0,0.0,28931.0,28.38,-28932.0,-28.38,-32.0,2.4,2.433,22329693.0,53993198,53993198,2026-08-24,2026-08-24 11:53:33+08:00
515130,沪深300ETF博时,1.529,1.5326,0.23,-0.019,-1.23,27124.0,4166892.0,1.549,1.55,1.526,1.548,1.55,2.87,0.9,15.95,9458.0,17666.0,-171025.0,-4.1,58935.0,1.41,-229960.0,-5.52,-238696.0,-5.73,409721.0,9.83,6.0,1.528,1.529,94463200.0,144434233,144434233,2026-08-24,2026-08-24 11:54:22+08:00
516880,光伏ETF银华,0.716,0.7159,-0.01,-0.009,-1.24,123147.0,8906047.0,0.726,0.733,0.714,0.725,2.62,1.34,1.3,-28.3,65583.0,57564.0,343226.0,3.85,654300.0,7.35,-311074.0,-3.49,-518759.0,-5.82,175533.0,1.97,388.0,0.715,0.717,915944096.0,655815973,655815973,2026-08-24,2026-08-24 11:54:09+08:00
159231,通用航空ETF华宝,0.477,0.4758,-0.25,-0.006,-1.24,69597.0,3331197.3,0.483,0.483,0.474,0.483,1.86,2.05,0.79,-19.07,34358.0,35239.0,-209489.0,-6.29,-314692.0,-9.45,105203.0,3.16,100991.0,3.03,108497.0,3.26,3.0,0.476,0.477,340091856.0,162223815,162223815,2026-08-24,2026-08-24 11:53:42+08:00
159673,沪深300ETF鹏华,1.274,1.2778,0.3,-0.016,-1.24,285449.0,36553702.7,1.289,1.291,1.273,1.29,1.4,1.61,1.3,-6.25,153777.0,131672.0,-766586.0,-2.1,327110.0,0.89,-1093696.0,-2.99,-316846.0,-0.87,1083431.0,2.96,-10.0,1.273,1.274,1767528384.0,2251831161,2251831161,2026-08-24,2026-08-24 11:54:24+08:00
159069,创业板新能源ETF华泰柏瑞,1.024,1.0247,0.07,-0.013,-1.25,81820.0,8479123.8,1.031,1.043,1.023,1.037,1.93,18.28,1.39,-4.49,33970.0,47850.0,227764.0,2.69,1695262.0,19.99,-1467498.0,-17.31,-219593.0,-2.59,-8172.0,-0.1,1500.0,1.024,1.026,44770440.0,45844931,45844931,2026-08-24,2026-08-24 11:53:48+08:00
515380,沪深300ETF泰康,5.374,5.3789,0.09,-0.068,-1.25,22199.0,11993115.0,5.443,5.443,5.364,5.442,1.45,0.33,1.77,-13.1,10532.0,11667.0,-234089.0,-1.95,3414523.0,28.47,-3648612.0,-30.42,21561.0,0.18,212528.0,1.77,158.0,5.371,5.374,663399808.0,3565110568,3565110568,2026-08-24,2026-08-24 11:54:20+08:00
563520,沪深300ETF永赢,1.189,1.19,0.08,-0.015,-1.25,204701.0,24519299.0,1.208,1.208,1.188,1.204,1.66,5.04,2.73,34.38,110838.0,93863.0,-5009240.0,-20.43,-1505840.0,-6.14,-3503400.0,-14.29,4679485.0,19.08,329755.0,1.34,100.0,1.189,1.204,406065008.0,482811295,482811295,2026-08-24,2026-08-24 11:54:10+08:00
516830,沪深300ESGETF富国,1.025,1.0257,0.07,-0.013,-1.25,50541.0,5195799.0,1.038,1.038,1.024,1.038,1.35,5.8,1.96,-0.23,27410.0,23131.0,30534.0,0.59,586118.0,11.28,-555584.0,-10.69,-104607.0,-2.01,74073.0,1.43,-2440.0,1.025,1.027,87176900.0,89356323,89356323,2026-08-24,2026-08-24 11:53:57+08:00
510370,沪深300ETF兴业,1.025,1.026,0.1,-0.013,-1.25,5618.0,576836.0,1.038,1.038,1.022,1.038,1.54,0.64,0.54,-23.78,2980.0,2638.0,-36380.0,-6.31,0.0,0.0,-36380.0,-6.31,45855.0,7.95,-9475.0,-1.64,-10.0,1.023,1.027,87258100.0,89439553,89439553,2026-08-24,2026-08-24 11:54:23+08:00
159335,央企科创ETF融通,1.488,1.4847,-0.22,-0.019,-1.26,4565.0,682457.0,1.507,1.519,1.483,1.507,2.39,0.72,0.58,-13.75,1311.0,3254.0,148800.0,21.8,0.0,0.0,148800.0,21.8,-321888.0,-47.17,173089.0,25.36,300.0,1.485,1.506,63483689.0,94463729,94463729,2026-08-24,2026-08-24 11:53:42+08:00
515360,沪深300ETF方正富邦,6.721,6.7215,0.01,-0.086,-1.26,661.0,446771.0,6.807,6.81,6.705,6.807,1.54,0.17,0.59,68.75,356.0,305.0,-142162.0,-31.82,0.0,0.0,-142162.0,-31.82,194537.0,43.54,-52375.0,-11.72,30.0,6.694,6.806,37779300.0,253914675,253914675,2026-08-24,2026-08-24 11:54:16+08:00
560880,家电ETF广发,1.492,1.4935,0.1,-0.019,-1.26,114347.0,17142638.0,1.511,1.511,1.49,1.511,1.39,5.68,2.23,-19.79,64348.0,49999.0,-349520.0,-2.04,2248500.0,13.12,-2598020.0,-15.16,503727.0,2.94,-154208.0,-0.9,7.0,1.49,1.492,201232000.0,300238144,300238144,2026-08-24,2026-08-24 11:53:50+08:00
159327,半导体设备ETF万家,1.154,1.1542,0.02,-0.015,-1.28,1311904.0,153068560.6,1.169,1.184,1.143,1.169,3.51,4.51,1.13,67.5,681104.0,630800.0,-2115064.0,-1.38,1229603.0,0.8,-3344667.0,-2.19,-1374132.0,-0.9,3489197.0,2.28,360.0,1.152,1.155,2911574096.0,3359956507,3359956507,2026-08-24,2026-08-24 11:54:33+08:00
159376,A500ETF浦银,1.309,1.3101,0.08,-0.017,-1.28,42740.0,5647856.0,1.324,1.325,1.307,1.326,1.36,8.74,2.59,97.28,3305.0,39435.0,604189.0,10.7,-292339.0,-5.18,896528.0,15.87,-611423.0,-10.83,7235.0,0.13,-100.0,1.306,1.326,48922317.0,64039313,64039313,2026-08-24,2026-08-24 11:53:54+08:00
510360,沪深300ETF广发,1.768,1.7698,0.1,-0.023,-1.28,177949.0,31605308.0,1.789,1.791,1.766,1.791,1.4,1.0,0.93,31.06,72722.0,105227.0,-4557806.0,-14.42,-1039578.0,-3.29,-3518228.0,-11.13,68659.0,0.22,4489147.0,14.2,-50.0,1.768,1.77,1772381200.0,3133569962,3133569962,2026-08-24,2026-08-24 11:54:03+08:00
512520,MSCI中国ETF华泰柏瑞,1.456,1.4588,0.19,-0.019,-1.29,3673.0,539638.0,1.47,1.47,1.453,1.475,1.15,0.82,2.1,-68.0,36.0,3637.0,-2481.0,-0.46,0.0,0.0,-2481.0,-0.46,9990.0,1.85,-7508.0,-1.39,1.0,1.443,1.456,45056400.0,65602118,65602118,2026-08-24,2026-08-24 11:54:07+08:00
159071,新能源电池ETF华宝,0.841,0.8418,0.1,-0.011,-1.29,29719.0,2522105.0,0.852,0.86,0.839,0.852,2.46,2.48,0.55,-4.9,15374.0,14345.0,92735.0,3.68,0.0,0.0,92735.0,3.68,-86456.0,-3.43,-6279.0,-0.25,1065.0,0.841,0.843,119911738.0,100845772,100845772,2026-08-24,2026-08-24 11:53:51+08:00
159165,养殖ETF永赢,0.843,0.8439,0.11,-0.011,-1.29,28227.0,2377364.8,0.854,0.854,0.837,0.854,1.99,2.55,0.58,-29.5,6458.0,21769.0,-461029.0,-19.39,0.0,0.0,-461029.0,-19.39,224780.0,9.46,236248.0,9.94,-4.0,0.842,0.845,110571257.0,93211570,93211570,2026-08-24,2026-08-24 11:54:27+08:00
515160,MSCI中国ETF招商,1.608,1.6094,0.09,-0.021,-1.29,8002.0,1288124.0,1.645,1.645,1.606,1.629,2.39,0.33,0.77,20.0,3580.0,4422.0,96087.0,7.46,0.0,0.0,96087.0,7.46,-114296.0,-8.87,18209.0,1.41,10.0,1.605,1.629,243955100.0,392279801,392279801,2026-08-24,2026-08-24 11:54:06+08:00
510380,沪深300ETF国寿,1.375,1.3802,0.38,-0.018,-1.29,12450.0,1715418.0,1.393,1.393,1.374,1.393,1.36,0.08,1.51,-1.34,3300.0,9150.0,834175.0,48.63,779948.0,45.47,54227.0,3.16,-345942.0,-20.17,-488233.0,-28.46,-135.0,1.375,1.382,1467802400.0,2018228300,2018228300,2026-08-24,2026-08-24 11:54:13+08:00
515790,光伏ETF华泰柏瑞,0.841,0.8406,-0.05,-0.011,-1.29,1157692.0,98157870.0,0.848,0.861,0.838,0.852,2.7,1.92,1.02,3.87,516462.0,641230.0,81175.0,0.08,798304.0,0.81,-717129.0,-0.73,-15.0,0.0,-81160.0,-0.08,19.0,0.84,0.841,6037494016.0,5077532467,5077532467,2026-08-24,2026-08-24 11:54:06+08:00
563380,航空航天ETF华泰柏瑞,0.909,0.9107,0.19,-0.012,-1.3,231028.0,21152045.0,0.919,0.925,0.905,0.921,2.17,2.52,0.9,87.87,90107.0,140921.0,-112400.0,-0.53,1463098.0,6.92,-1575498.0,-7.45,-215968.0,-1.02,328369.0,1.55,-10.0,0.909,0.91,916950000.0,833507550,833507550,2026-08-24,2026-08-24 11:53:50+08:00
513360,教育ETF博时,0.455,0.4636,1.86,-0.006,-1.3,433523.0,19775934.0,0.461,0.461,0.453,0.461,1.74,6.95,0.63,-37.93,124257.0,309266.0,-935385.0,-4.73,-2985236.0,-15.1,2049851.0,10.37,885992.0,4.48,49393.0,0.25,400.0,0.454,0.455,623713904.0,283789826,283789826,2026-08-24,2026-08-24 11:54:17+08:00
159151,食品ETF华夏,0.913,0.9136,0.07,-0.012,-1.3,62607.0,5724049.4,0.916,0.921,0.91,0.925,1.19,3.3,0.79,-5.83,27468.0,35139.0,-477748.0,-8.35,-894565.0,-15.63,416817.0,7.28,152951.0,2.67,324797.0,5.67,95.0,0.912,0.913,189451063.0,172968821,172968821,2026-08-24,2026-08-24 11:54:09+08:00
561400,畜牧养殖ETF鑫元,0.983,0.9859,0.29,-0.013,-1.31,19460.0,1915415.0,1.005,1.005,0.98,0.996,2.51,3.51,0.61,-13.31,4408.0,15052.0,-217183.0,-11.34,-983536.0,-51.35,766353.0,40.01,139842.0,7.3,77342.0,4.04,-54.0,0.983,0.992,55519000.0,54575177,54575177,2026-08-24,2026-08-24 11:54:08+08:00
560230,光伏ETF富国,0.755,0.7553,0.04,-0.01,-1.31,10977.0,837604.0,0.764,0.772,0.753,0.765,2.48,1.31,1.04,-24.22,7848.0,3129.0,-300731.0,-35.9,-534.0,-0.06,-300197.0,-35.84,258530.0,30.87,42202.0,5.04,-15.0,0.755,0.757,83889000.0,63336195,63336195,2026-08-24,2026-08-24 11:54:00+08:00
515720,金融科技ETF富国,0.678,0.6769,-0.16,-0.009,-1.31,54599.0,3718839.0,0.682,0.691,0.674,0.687,2.47,1.21,0.82,35.22,25006.0,29593.0,-43825.0,-1.18,0.0,0.0,-43825.0,-1.18,-19263.0,-0.52,63088.0,1.7,74.0,0.676,0.679,451611008.0,306192263,306192263,2026-08-24,2026-08-24 11:54:10+08:00
515350,沪深300ETF民生加银,6.191,6.2105,0.31,-0.082,-1.31,8492.0,5299216.0,6.272,6.272,6.19,6.273,1.31,7.26,1.93,-19.9,3523.0,4969.0,511023.0,9.64,-627200.0,-11.84,1138223.0,21.48,-509755.0,-9.62,-1268.0,-0.02,500.0,6.197,6.219,11699200.0,72429747,72429747,2026-08-24,2026-08-24 11:54:07+08:00
159392,航空ETF富国,0.907,0.9066,-0.04,-0.012,-1.31,15897.0,1448758.9,0.912,0.919,0.902,0.919,1.85,0.85,0.58,57.98,8883.0,7014.0,-89535.0,-6.18,49464.0,3.41,-138999.0,-9.59,-37034.0,-2.56,126569.0,8.74,-1317.0,0.903,0.912,186285500.0,168960949,168960949,2026-08-24,2026-08-24 11:54:36+08:00
158009,航空航天ETF南方,0.98,0.9797,-0.03,-0.013,-1.31,13475.0,1326493.464,0.991,0.992,0.975,0.993,1.71,2.91,0.3,26.3,4824.0,8651.0,-302712.0,-22.82,0.0,0.0,-302712.0,-22.82,-7644.0,-0.58,310357.0,23.4,24.0,0.977,0.988,46373819.0,45446343,45446343,2026-08-24,2026-08-24 11:54:12+08:00
512870,杭州湾区ETF南华,1.436,1.4334,-0.18,-0.019,-1.31,2556.0,370405.0,1.46,1.471,1.431,1.455,2.75,1.14,0.67,8.18,933.0,1623.0,5820.0,1.57,0.0,0.0,5820.0,1.57,-44862.0,-12.11,39042.0,10.54,1.0,1.431,1.436,22410600.0,32181622,32181622,2026-08-24,2026-08-24 11:54:16+08:00
516290,光伏ETF汇添富,0.522,0.5213,-0.13,-0.007,-1.32,141840.0,7474462.0,0.525,0.534,0.519,0.529,2.84,1.93,1.19,6.2,65696.0,76144.0,-386199.0,-5.17,5118.0,0.07,-391317.0,-5.24,257537.0,3.45,128662.0,1.72,60.0,0.52,0.523,735196896.0,383772780,383772780,2026-08-24,2026-08-24 11:53:56+08:00
159123,光伏ETF嘉实,0.898,0.9002,0.24,-0.012,-1.32,69673.0,6331781.7,0.911,0.921,0.897,0.91,2.64,1.81,2.44,-14.02,29236.0,40437.0,347829.0,5.49,-661480.0,-10.45,1009309.0,15.94,-387177.0,-6.11,39349.0,0.62,-15.0,0.898,0.901,385047024.0,345772228,345772228,2026-08-24,2026-08-24 11:54:18+08:00
159267,航天ETF华安,0.821,0.8212,0.02,-0.011,-1.32,647157.0,53412918.3,0.83,0.833,0.816,0.832,2.04,2.38,0.96,9.34,218430.0,428727.0,178627.0,0.33,2867549.0,5.37,-2688922.0,-5.03,-459985.0,-0.86,281357.0,0.53,205.0,0.82,0.822,2718506128.0,2231893531,2231893531,2026-08-24,2026-08-24 11:54:03+08:00
159661,A100ETF嘉实,1.42,1.4184,-0.11,-0.019,-1.32,34645.0,4939748.0,1.438,1.438,1.417,1.439,1.46,12.73,1.51,-92.45,17023.0,17622.0,-39970.0,-0.81,0.0,0.0,-39970.0,-0.81,116399.0,2.36,-76430.0,-1.55,-18.0,1.411,1.429,27208213.0,38635662,38635662,2026-08-24,2026-08-24 11:53:36+08:00
159257,航空ETF汇添富,0.822,0.8232,0.15,-0.011,-1.32,8688.0,720996.0,0.83,0.835,0.82,0.833,1.8,0.58,0.21,19.52,3602.0,5086.0,-4922.0,-0.68,0.0,0.0,-4922.0,-0.68,-32058.0,-4.45,36979.0,5.13,-10.0,0.822,0.825,149416949.0,122820732,122820732,2026-08-24,2026-08-24 11:54:12+08:00
159923,中证A100ETF大成,2.159,2.159,0.0,-0.029,-1.33,10964.0,2378118.1,2.182,2.182,2.157,2.188,1.14,9.71,0.75,-4.92,4013.0,6951.0,164274.0,6.91,0.0,0.0,164274.0,6.91,-207993.0,-8.75,43719.0,1.84,2.0,2.155,2.161,11285812.0,24366068,24366068,2026-08-24,2026-08-24 11:54:24+08:00
516770,游戏ETF华泰柏瑞,1.11,1.11,0.0,-0.015,-1.33,128142.0,14330279.0,1.126,1.13,1.105,1.125,2.22,4.8,0.62,-3.78,52543.0,75599.0,-436141.0,-3.04,609738.0,4.25,-1045879.0,-7.3,-753261.0,-5.26,1189403.0,8.3,27.0,1.109,1.11,267048000.0,296423280,296423280,2026-08-24,2026-08-24 11:54:09+08:00
159509,纳指科技ETF景顺,2.745,2.2284,-23.18,-0.037,-1.33,1046903.0,288158479.095,2.763,2.768,2.74,2.782,1.01,1.58,0.88,-1.55,444802.0,602100.0,-54955584.0,-19.07,-52540674.0,-18.23,-2414910.0,-0.84,26518953.0,9.2,28436631.0,9.87,347.0,2.744,2.745,6621564160.0,18176193619,18176193619,2026-08-24,2026-08-24 11:54:03+08:00
159588,石油ETF景顺,1.258,1.2587,0.06,-0.017,-1.33,81986.0,10330423.1,1.268,1.275,1.254,1.275,1.65,1.9,0.98,0.23,35959.0,46027.0,-24847.0,-0.24,0.0,0.0,-24847.0,-0.24,179783.0,1.74,-154937.0,-1.5,-10.0,1.257,1.258,431284864.0,542556359,542556359,2026-08-24,2026-08-24 11:53:36+08:00
159181,石油ETF易方达,0.888,0.8894,0.16,-0.012,-1.33,31512.0,2807155.6,0.895,0.897,0.886,0.9,1.22,2.42,0.88,-25.07,15333.0,16179.0,209371.0,7.46,0.0,0.0,209371.0,7.46,-198742.0,-7.08,-10629.0,-0.38,-56.0,0.888,0.89,130405335.0,115799937,115799937,2026-08-24,2026-08-24 11:53:48+08:00
588710,科创半导体设备ETF华泰柏瑞,1.031,1.0314,0.04,-0.014,-1.34,9535228.0,993398000.0,1.046,1.061,1.021,1.045,3.83,8.39,1.23,16.61,4424220.0,5111008.0,366464.0,0.04,12399888.0,1.25,-12033424.0,-1.21,-15494729.0,-1.56,15128255.0,1.52,2.0,1.03,1.031,11358885120.0,11711010559,11711010559,2026-08-24,2026-08-24 11:53:55+08:00
159328,家电ETF易方达,1.027,1.028,0.1,-0.014,-1.34,23252.0,2400377.8,1.041,1.041,1.025,1.041,1.54,2.54,1.14,-93.65,5911.0,17341.0,-268962.0,-11.2,0.0,0.0,-268962.0,-11.2,244301.0,10.18,24661.0,1.03,-9.0,1.025,1.038,91556700.0,94028731,94028731,2026-08-24,2026-08-24 11:54:36+08:00
159261,创业板新能源ETF鹏华,1.391,1.3937,0.19,-0.019,-1.35,14240.0,2009403.5,1.419,1.427,1.391,1.41,2.55,2.98,0.74,5.84,5728.0,8512.0,44773.0,2.23,702500.0,34.96,-657727.0,-32.73,12288.0,0.61,-57060.0,-2.84,127.0,1.391,1.425,47814904.0,66510531,66510531,2026-08-24,2026-08-24 11:54:09+08:00
517160,长江保护ETF南方,0.951,0.9521,0.12,-0.013,-1.35,30.0,2857.0,0.964,0.964,0.949,0.964,1.56,0.0,0.03,95.39,21.0,9.0,-2760.0,-96.6,0.0,0.0,-2760.0,-96.6,0.0,0.0,2761.0,96.64,21.0,0.948,0.964,1828777504.0,1739167406,1739167406,2026-08-24,2026-08-24 11:53:54+08:00
159086,金融科技ETF广发,1.02,1.0205,0.05,-0.014,-1.35,36374.0,3740881.863,1.034,1.118,1.016,1.034,9.86,11.23,1.36,56.33,14210.0,22164.0,121873.0,3.26,672484.0,17.98,-550611.0,-14.72,-138791.0,-3.71,16918.0,0.45,-19.0,1.016,1.041,32399823.0,33047819,33047819,2026-08-24,2026-08-24 11:54:42+08:00
515370,光伏ETF华夏,0.804,0.8034,-0.07,-0.011,-1.35,149040.0,12111759.0,0.814,0.822,0.801,0.815,2.58,1.55,1.41,37.0,47153.0,101887.0,438306.0,3.62,1648848.0,13.61,-1210542.0,-9.99,-304984.0,-2.52,-133323.0,-1.1,6.0,0.802,0.805,959713008.0,771609258,771609258,2026-08-24,2026-08-24 11:54:00+08:00
530380,上证380ETF易方达,1.098,1.0998,0.16,-0.015,-1.35,7110.0,788001.0,1.113,1.114,1.095,1.113,1.71,0.51,0.62,64.86,2597.0,4513.0,172628.0,21.91,0.0,0.0,172628.0,21.91,-189920.0,-24.1,17292.0,2.19,50.0,1.096,1.111,138705000.0,152298090,152298090,2026-08-24,2026-08-24 11:53:53+08:00
512090,MSCIA股ETF易方达,1.973,1.976,0.15,-0.027,-1.35,345700.0,68434312.0,2.0,2.0,1.97,2.0,1.5,9.67,1.3,-52.79,171686.0,174014.0,-346529.0,-0.51,-3758840.0,-5.49,3412311.0,4.99,795638.0,1.16,-449108.0,-0.66,1200.0,1.969,1.999,357592304.0,705529616,705529616,2026-08-24,2026-08-24 11:54:24+08:00
512970,大湾区ETF平安,1.464,1.4639,-0.01,-0.02,-1.35,745.0,109646.0,1.484,1.484,1.464,1.484,1.35,1.24,0.2,50.1,441.0,304.0,90964.0,82.96,0.0,0.0,90964.0,82.96,-73550.0,-67.08,-17415.0,-15.88,-11.0,1.46,1.466,5987600.0,8765846,8765846,2026-08-24,2026-08-24 11:54:11+08:00
515640,家电ETF华夏,0.94,0.9409,0.1,-0.013,-1.36,970.0,92279.0,0.943,0.962,0.94,0.953,2.31,0.57,0.64,-88.69,126.0,844.0,6249.0,6.77,0.0,0.0,6249.0,6.77,18561.0,20.11,-24809.0,-26.88,1.0,0.93,0.97,17050000.0,16027000,16027000,2026-08-24,2026-08-24 11:54:00+08:00
561120,家电ETF富国,1.235,1.2361,0.09,-0.017,-1.36,49454.0,6138511.0,1.248,1.248,1.233,1.252,1.2,17.56,1.38,-70.15,27058.0,22396.0,-34123.0,-0.56,0.0,0.0,-34123.0,-0.56,41515.0,0.68,-7393.0,-0.12,2802.0,1.233,1.236,28159900.0,34777477,34777477,2026-08-24,2026-08-24 11:54:15+08:00
159768,房地产ETF银华,0.431,0.4309,-0.02,-0.006,-1.37,352121.0,15211311.1,0.435,0.437,0.428,0.437,2.06,4.3,0.9,24.83,142179.0,209942.0,-172528.0,-1.13,-320173.0,-2.1,147645.0,0.97,-30593.0,-0.2,203121.0,1.34,24.0,0.43,0.431,818950304.0,352967581,352967581,2026-08-24,2026-08-24 11:54:18+08:00
516100,金融科技ETF华夏,1.008,1.0091,0.11,-0.014,-1.37,129963.0,13214710.0,1.022,1.029,1.006,1.022,2.25,1.16,0.93,41.47,49359.0,80604.0,-321539.0,-2.43,-424822.0,-3.21,103283.0,0.78,458757.0,3.47,-137218.0,-1.04,-308.0,1.007,1.011,1120759696.0,1129725774,1129725774,2026-08-24,2026-08-24 11:54:12+08:00
510390,沪深300ETF平安,5.239,5.2476,0.16,-0.073,-1.37,1697.0,894407.0,5.292,5.312,5.236,5.312,1.43,0.13,0.26,40.0,83.0,1614.0,361610.0,40.43,0.0,0.0,361610.0,40.43,-254075.0,-28.41,-107535.0,-12.02,-20.0,5.232,5.263,135650000.0,710670350,710670350,2026-08-24,2026-08-24 11:54:29+08:00
159627,A100ETF华夏,1.294,1.2967,0.21,-0.018,-1.37,29207.0,3803964.7,1.312,1.312,1.292,1.312,1.52,15.28,1.07,1.64,11374.0,17833.0,607857.0,15.98,0.0,0.0,607857.0,15.98,-623576.0,-16.39,15719.0,0.41,1000.0,1.293,1.296,19116776.0,24737108,24737108,2026-08-24,2026-08-24 11:54:06+08:00
588170,科创半导体ETF华夏,0.998,0.9985,0.05,-0.014,-1.38,41586277.0,4195172874.0,1.015,1.026,0.988,1.012,3.75,9.47,1.16,52.15,19850717.0,21735560.0,-210861888.0,-5.03,-94012096.0,-2.24,-116849792.0,-2.79,36306736.0,0.87,174555168.0,4.16,-272.0,0.997,0.998,43917446912.0,43829612018,43829612018,2026-08-24,2026-08-24 11:54:07+08:00
159203,大盘成长ETF博时,1.356,1.3517,-0.32,-0.019,-1.38,4134.0,564835.0,1.375,1.375,1.356,1.375,1.38,4.22,1.31,21.95,1535.0,2599.0,79770.0,14.12,0.0,0.0,79770.0,14.12,-40122.0,-7.1,-39648.0,-7.02,20.0,1.356,1.388,9791913.0,13277834,13277834,2026-08-24,2026-08-24 11:54:21+08:00
159019,石油ETF华宝,0.93,0.9321,0.23,-0.013,-1.38,143447.0,13359029.8,0.935,0.937,0.929,0.943,0.85,29.68,1.5,-78.4,74785.0,68662.0,264255.0,1.98,0.0,0.0,264255.0,1.98,-273641.0,-2.05,9386.0,0.07,-1500.0,0.928,0.935,48327711.0,44944771,44944771,2026-08-24,2026-08-24 11:54:15+08:00
517000,沪港深500ETF银华,1.002,1.0047,0.27,-0.014,-1.38,2511.0,251936.0,1.012,1.012,1.0,1.016,1.18,0.2,0.56,65.51,468.0,2043.0,123369.0,48.97,0.0,0.0,123369.0,48.97,-181806.0,-72.16,58437.0,23.2,20.0,1.0,1.014,122793000.0,123038586,123038586,2026-08-24,2026-08-24 11:54:04+08:00
159017,石油ETF工银,0.927,0.9278,0.09,-0.013,-1.38,54128.0,5012865.026,0.936,0.936,0.924,0.94,1.28,3.56,1.64,-59.87,25611.0,28517.0,109366.0,2.18,0.0,0.0,109366.0,2.18,-100608.0,-2.01,-8758.0,-0.17,-1619.0,0.927,0.936,152256813.0,141142066,141142066,2026-08-24,2026-08-24 11:54:21+08:00
563570,金融科技ETF兴业,0.708,0.7081,0.01,-0.01,-1.39,169584.0,12049100.0,0.717,0.722,0.706,0.718,2.23,15.94,1.82,-0.83,46948.0,122636.0,312454.0,2.59,1271994.0,10.56,-959540.0,-7.96,-345017.0,-2.86,32564.0,0.27,-820.0,0.706,0.711,106374000.0,75312792,75312792,2026-08-24,2026-08-24 11:53:44+08:00
562340,中证500成长ETF银华,1.415,1.4145,-0.04,-0.02,-1.39,1888.0,268286.0,1.435,1.435,1.415,1.435,1.39,2.32,1.63,59.07,5.0,1883.0,62937.0,23.46,0.0,0.0,62937.0,23.46,0.0,0.0,-62937.0,-23.46,2.0,1.414,1.448,8144300.0,11524185,11524185,2026-08-24,2026-08-24 11:53:45+08:00
159241,航空航天ETF天弘,0.996,0.9958,-0.02,-0.014,-1.39,478523.0,47899398.1,1.005,1.01,0.99,1.01,1.98,3.46,1.02,19.14,195242.0,283281.0,-1934248.0,-4.04,22255.0,0.05,-1956503.0,-4.08,114164.0,0.24,1820084.0,3.8,10.0,0.994,0.996,1383074272.0,1377541975,1377541975,2026-08-24,2026-08-24 11:54:06+08:00
159863,光伏ETF鹏华,0.564,0.5644,0.07,-0.008,-1.4,28324.0,1608931.1,0.569,0.577,0.562,0.572,2.62,0.97,0.93,24.61,12416.0,15908.0,-112897.0,-7.02,283044.0,17.59,-395941.0,-24.61,-28865.0,-1.79,141762.0,8.81,1.0,0.564,0.568,292729360.0,165099359,165099359,2026-08-24,2026-08-24 11:53:57+08:00
159065,工程机械ETF景顺,0.915,0.9146,-0.04,-0.013,-1.4,5561.0,510008.942,0.927,0.927,0.914,0.928,1.4,0.51,0.65,-63.18,3329.0,2232.0,-89936.0,-17.63,-556.0,-0.11,-89380.0,-17.53,64694.0,12.68,25243.0,4.95,50.0,0.91,0.937,109350818.0,100055998,100055998,2026-08-24,2026-08-24 11:54:42+08:00
561300,沪深300增强ETF国泰,1.055,1.0554,0.04,-0.015,-1.4,158897.0,16839877.0,1.069,1.07,1.053,1.07,1.59,3.42,0.9,47.17,54254.0,104643.0,221058.0,1.31,-1892851.0,-11.24,2113909.0,12.55,450755.0,2.68,-671812.0,-3.99,133.0,1.054,1.057,463965008.0,489483083,489483083,2026-08-24,2026-08-24 11:53:53+08:00
563630,A500增强ETF国联安,1.264,1.267,0.24,-0.018,-1.4,2926.0,371396.0,1.28,1.283,1.263,1.282,1.56,0.77,0.18,-38.65,1145.0,1781.0,-58955.0,-15.87,0.0,0.0,-58955.0,-15.87,43182.0,11.63,15774.0,4.25,-20.0,1.264,1.266,37947100.0,47965134,47965134,2026-08-24,2026-08-24 11:54:09+08:00
516010,游戏ETF国泰,1.048,1.0486,0.06,-0.015,-1.41,422363.0,44543960.0,1.064,1.069,1.043,1.063,2.45,1.75,0.9,-35.96,202112.0,220251.0,2352348.0,5.28,830535.0,1.86,1521813.0,3.42,-2686223.0,-6.03,333876.0,0.75,-127.0,1.048,1.049,2418693008.0,2534790272,2534790272,2026-08-24,2026-08-24 11:54:05+08:00
159609,光伏ETF浦银,0.49,0.4907,0.14,-0.007,-1.41,119612.0,5911854.8,0.497,0.502,0.488,0.497,2.82,3.94,1.96,-7.09,39927.0,79685.0,16225.0,0.27,-182760.0,-3.09,198985.0,3.37,-104559.0,-1.77,88335.0,1.49,-905.0,0.49,0.491,303903408.0,148912670,148912670,2026-08-24,2026-08-24 11:53:42+08:00
159018,石油ETF广发,0.91,0.9119,0.21,-0.013,-1.41,9803.0,895494.624,0.92,0.922,0.905,0.923,1.84,3.64,0.34,-80.95,3607.0,6196.0,274828.0,30.69,0.0,0.0,274828.0,30.69,-172481.0,-19.26,-102347.0,-11.43,-8.0,0.91,0.912,26904203.0,24482825,24482825,2026-08-24,2026-08-24 11:54:12+08:00
159378,通用航空ETF永赢,0.98,0.9814,0.14,-0.014,-1.41,64769.0,6401292.8,0.989,0.996,0.976,0.994,2.01,1.16,0.51,-15.37,27882.0,36887.0,-31092.0,-0.49,1883.0,0.03,-32975.0,-0.52,-32133.0,-0.5,63226.0,0.99,-200.0,0.979,0.982,558271072.0,547105651,547105651,2026-08-24,2026-08-24 11:53:54+08:00
512910,A100ETF广发,1.315,1.3187,0.28,-0.019,-1.42,38392.0,5082281.0,1.337,1.337,1.315,1.334,1.65,2.93,1.15,2.95,18703.0,19689.0,417877.0,8.22,0.0,0.0,417877.0,8.22,-416524.0,-8.2,-1354.0,-0.03,-1.0,1.317,1.318,131128800.0,172434372,172434372,2026-08-24,2026-08-24 11:54:25+08:00
159542,工程机械ETF大成,1.316,1.3136,-0.18,-0.019,-1.42,45377.0,5983852.0,1.331,1.335,1.311,1.335,1.8,29.1,3.4,43.17,24208.0,21169.0,690508.0,11.54,-1398894.0,-23.38,2089402.0,34.92,-759956.0,-12.7,69448.0,1.16,5.0,1.313,1.316,15592850.0,20520191,20520191,2026-08-24,2026-08-24 11:54:03+08:00
561770,A100ETF博时,1.247,1.2467,-0.02,-0.018,-1.42,5953.0,745847.0,1.261,1.261,1.247,1.265,1.11,1.59,1.45,97.59,3242.0,2711.0,132808.0,17.81,0.0,0.0,132808.0,17.81,-112107.0,-15.03,-20701.0,-2.78,-1.0,1.246,1.265,37550000.0,46824850,46824850,2026-08-24,2026-08-24 11:53:56+08:00
512990,MSCIA股ETF华夏,2.019,2.0245,0.27,-0.029,-1.42,21153.0,4277158.0,2.038,2.038,2.019,2.048,0.93,2.14,1.17,97.48,12545.0,8608.0,-755826.0,-17.67,0.0,0.0,-755826.0,-17.67,749352.0,17.52,6474.0,0.15,781.0,2.017,2.048,99015400.0,199912093,199912093,2026-08-24,2026-08-24 11:54:08+08:00
561570,油气ETF华泰柏瑞,1.39,1.3904,0.03,-0.02,-1.42,111446.0,15555388.0,1.405,1.411,1.386,1.41,1.77,15.03,1.29,-60.71,55362.0,56084.0,1161170.0,7.46,701613.0,4.51,459557.0,2.95,-601884.0,-3.87,-559286.0,-3.6,-8.0,1.384,1.391,74147000.0,103064330,103064330,2026-08-24,2026-08-24 11:54:04+08:00
159227,航空航天ETF华夏,0.968,0.9684,0.04,-0.014,-1.43,1017691.0,99023142.5,0.975,0.982,0.962,0.982,2.04,2.08,0.9,-17.1,379079.0,638612.0,-478621.0,-0.48,3260655.0,3.29,-3739276.0,-3.78,-3689285.0,-3.73,4167906.0,4.21,51.0,0.967,0.968,4886911232.0,4730530073,4730530073,2026-08-24,2026-08-24 11:53:45+08:00
512560,军工ETF易方达,0.688,0.6879,-0.01,-0.01,-1.43,373806.0,25917736.0,0.695,0.701,0.684,0.698,2.44,3.87,0.98,35.84,165390.0,208416.0,-1082389.0,-4.18,-2582595.0,-9.96,1500206.0,5.79,247250.0,0.95,835138.0,3.22,73.0,0.687,0.689,965127008.0,664007382,664007382,2026-08-24,2026-08-24 11:54:07+08:00
516860,金融科技ETF博时,1.036,1.0374,0.13,-0.015,-1.43,272416.0,28464015.0,1.046,1.059,1.033,1.051,2.47,2.37,1.3,88.9,114993.0,157423.0,-1206981.0,-4.24,596645.0,2.1,-1803626.0,-6.34,1077587.0,3.79,129395.0,0.45,-20.0,1.035,1.038,1151522000.0,1192976792,1192976792,2026-08-24,2026-08-24 11:54:01+08:00
561180,A100ETF富国,1.31,1.3117,0.13,-0.019,-1.43,12382.0,1626677.0,1.323,1.323,1.309,1.329,1.05,2.5,1.98,27.47,8451.0,3931.0,62555.0,3.85,0.0,0.0,62555.0,3.85,-34248.0,-2.11,-28308.0,-1.74,20.0,1.309,1.31,49609600.0,64988576,64988576,2026-08-24,2026-08-24 11:54:10+08:00
159631,A100ETF招商,1.241,1.2431,0.17,-0.018,-1.43,11133.0,1393295.2,1.257,1.258,1.24,1.259,1.43,2.83,1.09,4.8,2894.0,8239.0,173499.0,12.45,0.0,0.0,173499.0,12.45,-201199.0,-14.44,27702.0,1.99,1.0,1.24,1.243,39332605.0,48811763,48811763,2026-08-24,2026-08-24 11:54:03+08:00
159864,光伏ETF国泰,0.549,0.5494,0.07,-0.008,-1.44,154088.0,8549952.3,0.557,0.563,0.548,0.557,2.69,2.45,1.58,23.61,40929.0,113159.0,260835.0,3.05,935425.0,10.94,-674590.0,-7.89,-291516.0,-3.41,30682.0,0.36,-2800.0,0.549,0.55,629526832.0,345610231,345610231,2026-08-24,2026-08-24 11:53:42+08:00
159707,地产ETF华宝,0.48,0.4804,0.08,-0.007,-1.44,681397.0,32801078.4,0.485,0.488,0.477,0.487,2.26,5.91,0.85,0.13,298220.0,383177.0,1628120.0,4.96,4305681.0,13.13,-2677561.0,-8.16,-1160656.0,-3.54,-467463.0,-1.43,-4.0,0.48,0.481,1153548208.0,553703140,553703140,2026-08-24,2026-08-24 11:53:51+08:00
516570,化工行业ETF易方达,1.023,1.024,0.1,-0.015,-1.45,188009.0,19342837.0,1.034,1.043,1.019,1.038,2.31,1.67,1.33,-33.58,70849.0,117160.0,502301.0,2.6,1225910.0,6.34,-723609.0,-3.74,527195.0,2.73,-1029496.0,-5.32,-36.0,1.021,1.025,1127357600.0,1153286825,1153286825,2026-08-24,2026-08-24 11:53:55+08:00
562590,半导体设备ETF华夏,1.017,1.0163,-0.07,-0.015,-1.45,3808697.0,391771890.0,1.032,1.043,1.008,1.032,3.39,4.24,1.2,59.12,1965247.0,1843450.0,-8183544.0,-2.09,-20043529.0,-5.12,11859985.0,3.03,-3026965.0,-0.77,11210510.0,2.86,-20.0,1.017,1.018,8992988928.0,9145869740,9145869740,2026-08-24,2026-08-24 11:53:55+08:00
563860,中证A500ETF海富通,1.291,1.2915,0.04,-0.019,-1.45,147071.0,19065849.0,1.31,1.31,1.288,1.31,1.68,8.18,1.55,95.76,57246.0,89825.0,2223769.0,11.66,110762.0,0.58,2113007.0,11.08,-1651341.0,-8.66,-572428.0,-3.0,28.0,1.287,1.309,179844300.0,232178991,232178991,2026-08-24,2026-08-24 11:53:48+08:00
159299,金融科技ETF易方达,0.678,0.6788,0.12,-0.01,-1.45,177833.0,12132754.5,0.688,0.693,0.676,0.688,2.47,2.66,1.33,-55.16,62787.0,115046.0,20059.0,0.17,595486.0,4.91,-575427.0,-4.74,-223697.0,-1.84,203637.0,1.68,-230.0,0.678,0.679,669472976.0,453902678,453902678,2026-08-24,2026-08-24 11:54:30+08:00
517100,沪港深500ETF富国,1.01,1.0123,0.23,-0.015,-1.46,4044.0,409116.0,1.015,1.015,1.01,1.025,0.49,0.27,1.06,-63.23,2032.0,2012.0,4132.0,1.01,0.0,0.0,4132.0,1.01,-1215.0,-0.3,-2917.0,-0.71,-100.0,0.999,1.008,148102100.0,149583121,149583121,2026-08-24,2026-08-24 11:54:02+08:00
158006,化工ETF博时,1.013,1.0119,-0.11,-0.015,-1.46,3577.0,364479.5,1.028,1.035,1.008,1.028,2.63,0.87,0.37,23.04,582.0,2995.0,-16451.0,-4.51,-109549.0,-30.06,93098.0,25.54,-40169.0,-11.02,56621.0,15.53,1.0,1.008,1.029,41046012.0,41579610,41579610,2026-08-24,2026-08-24 11:54:09+08:00
563360,A500ETF华泰柏瑞,1.272,1.2744,0.19,-0.019,-1.47,21207906.0,2708235495.0,1.294,1.294,1.268,1.291,2.01,6.72,1.23,2.0,10145751.0,11062155.0,-118117488.0,-4.36,-109176624.0,-4.03,-8940864.0,-0.33,96122773.0,3.55,21994712.0,0.81,6.0,1.271,1.272,31537987328.0,40116319881,40116319881,2026-08-24,2026-08-24 11:54:00+08:00
563090,上证50增强ETF易方达,1.403,1.4041,0.08,-0.021,-1.47,41300.0,5820712.0,1.423,1.423,1.4,1.424,1.62,7.26,2.22,80.89,18752.0,22548.0,-568168.0,-9.76,-534961.0,-9.19,-33207.0,-0.57,360610.0,6.2,207559.0,3.57,799.0,1.401,1.404,56848000.0,79757744,79757744,2026-08-24,2026-08-24 11:53:59+08:00
159351,A500ETF嘉实,1.204,1.2051,0.09,-0.018,-1.47,2529271.0,305962348.4,1.224,1.224,1.201,1.222,1.88,3.52,1.22,82.19,1242199.0,1287072.0,-6939275.0,-2.27,-1781339.0,-0.58,-5157936.0,-1.69,4798332.0,1.57,2140942.0,0.7,15.0,1.202,1.204,7187123456.0,8653296641,8653296641,2026-08-24,2026-08-24 11:54:39+08:00
561030,工程机械ETF华泰柏瑞,0.87,0.8703,0.03,-0.013,-1.47,74766.0,6533199.0,0.886,0.886,0.87,0.883,1.81,4.05,4.53,-55.33,28790.0,45976.0,131854.0,2.02,-1180015.0,-18.06,1311869.0,20.08,-191537.0,-2.93,59683.0,0.91,2390.0,0.87,0.883,184550000.0,160558500,160558500,2026-08-24,2026-08-24 11:53:54+08:00
159731,石化ETF华夏,0.936,0.9378,0.19,-0.014,-1.47,242158.0,22800772.8,0.95,0.954,0.933,0.95,2.21,3.33,0.92,25.41,112951.0,129207.0,3161320.0,13.86,3173399.0,13.92,-12079.0,-0.05,-438247.0,-1.92,-2723072.0,-11.94,-15.0,0.936,0.937,727375808.0,680823756,680823756,2026-08-24,2026-08-24 11:54:15+08:00
159800,中证800ETF鹏华,1.411,1.4124,0.1,-0.021,-1.47,1710.0,242860.3,1.429,1.429,1.411,1.432,1.26,0.64,1.14,-19.72,215.0,1495.0,-25615.0,-10.55,0.0,0.0,-25615.0,-10.55,-141.0,-0.06,25756.0,10.61,2.0,1.409,1.413,26736802.0,37725628,37725628,2026-08-24,2026-08-24 11:54:21+08:00
516320,高端装备ETF华夏,0.929,0.9311,0.23,-0.014,-1.48,13900.0,1300439.0,0.943,0.947,0.927,0.943,2.12,1.55,0.48,-58.29,1076.0,12824.0,150113.0,11.54,0.0,0.0,150113.0,11.54,-98519.0,-7.58,-51593.0,-3.97,6.0,0.927,0.939,89589300.0,83228460,83228460,2026-08-24,2026-08-24 11:53:53+08:00
159070,工程机械ETF嘉实,0.931,0.9316,0.06,-0.014,-1.48,14427.0,1352380.831,0.943,0.943,0.93,0.945,1.38,1.36,0.64,54.09,3624.0,10803.0,-47827.0,-3.54,42491.0,3.14,-90318.0,-6.68,-9816.0,-0.73,57644.0,4.26,-30.0,0.929,0.949,106366883.0,99027568,99027568,2026-08-24,2026-08-24 11:53:48+08:00
159558,半导体设备ETF易方达,1.128,1.1289,0.08,-0.017,-1.48,8666659.0,987752332.647,1.146,1.158,1.117,1.145,3.58,4.56,0.97,40.62,4048190.0,4618469.0,-37031121.0,-3.75,-24084161.0,-2.44,-12946960.0,-1.31,-11741286.0,-1.19,48772410.0,4.94,-1803.0,1.127,1.128,19013563904.0,21447300084,21447300084,2026-08-24,2026-08-24 11:54:12+08:00
159161,工程机械ETF东财,0.929,0.9303,0.14,-0.014,-1.48,2059.0,191980.6,0.944,0.951,0.927,0.943,2.55,0.3,0.61,-37.29,887.0,1172.0,-19611.0,-10.22,0.0,0.0,-19611.0,-10.22,-32985.0,-17.18,52597.0,27.4,-2.0,0.928,0.929,68331260.0,63479741,63479741,2026-08-24,2026-08-24 11:54:27+08:00
562000,A100ETF华宝,0.6,0.601,0.17,-0.009,-1.48,41787.0,2521209.0,0.607,0.608,0.599,0.609,1.48,0.7,0.97,-22.92,20373.0,21414.0,-23167.0,-0.92,-219473.0,-8.71,196306.0,7.79,-29109.0,-1.15,52275.0,2.07,-1.0,0.599,0.601,596737904.0,358042742,358042742,2026-08-24,2026-08-24 11:53:49+08:00
159352,A500ETF南方,1.254,1.2547,0.06,-0.019,-1.49,21987046.0,2772446579.5,1.273,1.273,1.25,1.273,1.81,8.19,1.61,32.36,10260049.0,11726997.0,-19582272.0,-0.71,15724960.0,0.57,-35307232.0,-1.27,11495128.0,0.41,8087155.0,0.29,34.0,1.253,1.254,26844101632.0,33662503447,33662503447,2026-08-24,2026-08-24 11:53:51+08:00
517080,沪港深500ETF汇添富,0.992,0.9937,0.17,-0.015,-1.49,21983.0,2187382.0,1.008,1.008,0.992,1.007,1.59,1.27,3.64,-20.47,7088.0,14895.0,-223435.0,-10.21,645450.0,29.51,-868885.0,-39.72,128857.0,5.89,94578.0,4.32,-473.0,0.992,0.994,173166000.0,171780672,171780672,2026-08-24,2026-08-24 11:54:17+08:00
560780,半导体设备ETF广发,1.06,1.0605,0.05,-0.016,-1.49,5406796.0,579528597.0,1.076,1.088,1.051,1.076,3.44,4.2,1.2,9.18,2320547.0,3086249.0,3442843.0,0.59,42305952.0,7.3,-38863109.0,-6.71,-17552243.0,-3.03,14109391.0,2.43,-110.0,1.06,1.061,12871488000.0,13643777280,13643777280,2026-08-24,2026-08-24 11:54:09+08:00
563880,A500ETF汇添富,1.245,1.2452,0.02,-0.019,-1.5,461335.0,57657777.0,1.264,1.268,1.241,1.264,2.14,2.99,0.99,32.1,203845.0,257490.0,1205197.0,2.09,5947065.0,10.31,-4741868.0,-8.22,-1773708.0,-3.08,568512.0,0.99,803.0,1.244,1.245,1543996400.0,1922275518,1922275518,2026-08-24,2026-08-24 11:53:50+08:00
510290,上证380ETF南方,2.624,2.6218,-0.08,-0.04,-1.5,13174.0,3479134.0,2.664,2.664,2.615,2.664,1.84,2.33,1.75,61.36,5411.0,7763.0,189847.0,5.46,0.0,0.0,189847.0,5.46,-345839.0,-9.94,155992.0,4.48,7.0,2.615,2.663,56448900.0,148121914,148121914,2026-08-24,2026-08-24 11:54:08+08:00
159082,化工ETF华夏,0.984,0.9846,0.06,-0.015,-1.5,37509.0,3740802.989,1.0,1.007,0.981,0.999,2.6,2.73,0.13,-2.14,24506.0,13002.0,552685.0,14.77,306790.0,8.2,245895.0,6.57,-609764.0,-16.3,57079.0,1.53,10.0,0.984,0.996,137531212.0,135330713,135330713,2026-08-24,2026-08-24 11:53:48+08:00
562970,光伏ETF易方达,0.983,0.9835,0.05,-0.015,-1.5,108852.0,10810033.0,1.001,1.007,0.981,0.998,2.61,3.01,1.38,13.33,62314.0,46538.0,-784258.0,-7.25,-1489.0,-0.01,-782769.0,-7.24,594896.0,5.5,189361.0,1.75,-3.0,0.983,0.986,361448000.0,355303384,355303384,2026-08-24,2026-08-24 11:54:10+08:00
159653,ESG300ETF国联安,1.178,1.1807,0.23,-0.018,-1.51,28.0,3323.3,1.19,1.19,1.178,1.196,1.0,0.01,0.37,94.91,21.0,7.0,2376.0,71.5,0.0,0.0,2376.0,71.5,0.0,0.0,-2376.0,-71.5,-1.0,1.175,1.181,52972068.0,62401096,62401096,2026-08-24,2026-08-24 11:54:21+08:00
159857,光伏ETF天弘,0.719,0.7194,0.06,-0.011,-1.51,519554.0,37741412.6,0.729,0.737,0.717,0.73,2.74,2.35,1.17,28.2,222413.0,297141.0,-2049508.0,-5.43,532527.0,1.41,-2582035.0,-6.84,956685.0,2.53,1092823.0,2.9,6.0,0.718,0.72,2214515728.0,1592236808,1592236808,2026-08-24,2026-08-24 11:54:27+08:00
520880,港股通创新药ETF华宝,0.458,0.4579,-0.02,-0.007,-1.51,5262691.0,242388506.0,0.466,0.47,0.454,0.465,3.44,10.91,0.99,-12.28,2072723.0,3189968.0,-15905557.0,-6.56,-32168279.0,-13.27,16262722.0,6.71,12300206.0,5.07,3605350.0,1.49,2040.0,0.457,0.458,4823618048.0,2209217066,2209217066,2026-08-24,2026-08-24 11:54:15+08:00
159361,A500ETF易方达,1.229,1.2313,0.19,-0.019,-1.52,9115209.0,1125208483.012,1.248,1.249,1.225,1.248,1.92,4.01,1.59,7.37,4569801.0,4545409.0,-11727835.0,-1.04,11726224.0,1.04,-23454059.0,-2.08,4134420.0,0.37,7593410.0,0.67,24000.0,1.228,1.229,22718090240.0,27920532905,27920532905,2026-08-24,2026-08-24 11:54:21+08:00
159886,机械ETF富国,0.908,0.9117,0.41,-0.014,-1.52,18485.0,1690083.4,0.925,0.926,0.908,0.922,1.95,2.72,0.98,8.48,7528.0,10957.0,-45426.0,-2.69,0.0,0.0,-45426.0,-2.69,-3392.0,-0.2,48819.0,2.89,-30.0,0.908,0.912,67842555.0,61601040,61601040,2026-08-24,2026-08-24 11:53:36+08:00
561410,N光伏ETF工银,0.973,0.9746,0.16,-0.015,-1.52,144883.0,14288369.0,0.982,0.997,0.97,0.988,2.73,5.69,,94.95,54286.0,90597.0,4497981.0,31.48,5748428.0,40.23,-1250447.0,-8.75,-3992558.0,-27.94,-505422.0,-3.54,-500.0,0.972,0.975,254613258.0,247738700,247738700,2026-08-24,2026-08-24 11:54:10+08:00
159176,家电ETF华宝,0.975,0.9764,0.14,-0.015,-1.52,65179.0,6394201.5,0.985,0.986,0.975,0.99,1.11,27.97,1.66,0.0,17092.0,48087.0,75106.0,1.17,0.0,0.0,75106.0,1.17,-68569.0,-1.07,-6535.0,-0.1,-1539.0,0.972,0.99,23303341.0,22720757,22720757,2026-08-24,2026-08-24 11:54:39+08:00
159717,ESGETF鹏华,1.04,1.0426,0.25,-0.016,-1.52,1160.0,121687.2,1.051,1.051,1.04,1.056,1.04,0.46,0.07,10.19,1.0,1159.0,-110872.0,-91.11,0.0,0.0,-110872.0,-91.11,115809.0,95.17,-4938.0,-4.06,-1.0,1.04,1.043,25373183.0,26388110,26388110,2026-08-24,2026-08-24 11:54:09+08:00
563600,A500增强ETF易方达,1.035,1.0332,-0.17,-0.016,-1.52,7005.0,730658.0,1.051,1.052,1.033,1.051,1.81,1.01,0.34,-89.21,733.0,6272.0,3379.0,0.46,0.0,0.0,3379.0,0.46,-75064.0,-10.27,71686.0,9.81,150.0,1.034,1.041,69483000.0,71914905,71914905,2026-08-24,2026-08-24 11:53:47+08:00
159077,电池ETF鑫元,0.97,0.9735,0.36,-0.015,-1.52,7124.0,697395.001,0.985,0.994,0.969,0.985,2.54,1.73,0.3,-46.86,987.0,6137.0,212189.0,30.43,0.0,0.0,212189.0,30.43,-244053.0,-34.99,31864.0,4.57,100.0,0.968,0.976,41242574.0,40005297,40005297,2026-08-24,2026-08-24 11:53:57+08:00
512080,A500ETF中金,1.286,1.2889,0.22,-0.02,-1.53,479182.0,62117259.0,1.307,1.307,1.284,1.306,1.76,6.13,2.66,-96.65,231536.0,247646.0,181747.0,0.29,-7339631.0,-11.82,7521378.0,12.11,-199302.0,-0.32,17555.0,0.03,31.0,1.284,1.288,782186096.0,1005891319,1005891319,2026-08-24,2026-08-24 11:53:58+08:00
515970,工程机械ETF华夏,0.837,0.8362,-0.1,-0.013,-1.53,564193.0,47398687.0,0.85,0.852,0.836,0.85,1.88,7.92,1.21,4.18,194846.0,369347.0,-7508840.0,-15.84,-6491951.0,-13.7,-1016889.0,-2.15,5251955.0,11.08,2256885.0,4.76,1500.0,0.836,0.837,712088000.0,596017656,596017656,2026-08-24,2026-08-24 11:53:57+08:00
159623,成渝经济圈ETF博时,0.966,0.9674,0.14,-0.015,-1.53,26064.0,2530312.1,0.98,0.983,0.965,0.981,1.83,0.08,0.62,-1.78,6938.0,19126.0,229609.0,9.07,323424.0,12.78,-93815.0,-3.71,-132022.0,-5.22,-97586.0,-3.86,-1402.0,0.965,0.967,3091271696.0,2986168458,2986168458,2026-08-24,2026-08-24 11:54:09+08:00
159353,中证A500ETF景顺,1.224,1.2246,0.05,-0.019,-1.53,1697434.0,208956640.862,1.243,1.245,1.22,1.243,2.01,3.94,2.07,75.67,825644.0,871790.0,-1923003.0,-0.92,-4761804.0,-2.28,2838801.0,1.36,318890.0,0.15,1604112.0,0.77,-47.0,1.222,1.224,4310161920.0,5275638190,5275638190,2026-08-24,2026-08-24 11:53:42+08:00
159199,石油ETF平安,0.898,0.9021,0.45,-0.014,-1.54,3263.0,294664.3,0.908,0.909,0.891,0.912,1.97,0.49,0.67,-45.38,786.0,2477.0,183961.0,62.43,0.0,0.0,183961.0,62.43,-191993.0,-65.16,8032.0,2.73,-30.0,0.898,0.911,66154938.0,59407134,59407134,2026-08-24,2026-08-24 11:53:48+08:00
159103,金融科技ETF汇添富,0.64,0.6412,0.19,-0.01,-1.54,37199.0,2400260.2,0.65,0.654,0.639,0.65,2.31,1.15,0.68,-11.13,19921.0,17278.0,-18659.0,-0.78,300449.0,12.52,-319108.0,-13.29,-190779.0,-7.95,209438.0,8.73,-500.0,0.64,0.644,323406768.0,206980332,206980332,2026-08-24,2026-08-24 11:53:48+08:00
512020,A500ETF鹏华,1.28,1.2808,0.06,-0.02,-1.54,797929.0,102655565.0,1.305,1.305,1.278,1.3,2.08,6.99,2.19,21.17,438266.0,359663.0,-405140.0,-0.39,-211873.0,-0.21,-193267.0,-0.19,-483682.0,-0.47,888822.0,0.87,-12.0,1.279,1.283,1142012704.0,1461776261,1461776261,2026-08-24,2026-08-24 11:54:07+08:00
512420,工程机械ETF华安,0.957,0.9572,0.02,-0.015,-1.54,65696.0,6324956.0,0.976,0.976,0.956,0.972,2.06,8.4,3.0,5.77,33966.0,31730.0,-1307.0,-0.02,237144.0,3.75,-238451.0,-3.77,-21582.0,-0.34,22891.0,0.36,-320.0,0.956,0.975,78238900.0,74874627,74874627,2026-08-24,2026-08-24 11:54:24+08:00
159087,化工ETF万家,1.026,1.0259,-0.01,-0.016,-1.54,12989.0,1342013.55,1.041,1.051,1.022,1.042,2.78,2.95,0.57,-8.29,5365.0,7624.0,-146732.0,-10.93,512346.0,38.18,-659078.0,-49.11,96918.0,7.22,49814.0,3.71,-50.0,1.024,1.031,43992150.0,45135946,45135946,2026-08-24,2026-08-24 11:54:03+08:00
159517,中证800增强ETF银华,1.339,1.3405,0.11,-0.021,-1.54,28230.0,3809035.4,1.36,1.36,1.339,1.36,1.54,32.29,1.43,22.41,13688.0,14542.0,-364466.0,-9.57,0.0,0.0,-364466.0,-9.57,386989.0,10.16,-22523.0,-0.59,-1201.0,1.339,1.34,8742624.0,11706374,11706374,2026-08-24,2026-08-24 11:54:18+08:00
159686,A100ETF易方达,1.279,1.2826,0.28,-0.02,-1.54,64217.0,8263048.5,1.297,1.299,1.278,1.299,1.62,8.05,1.15,-36.44,27315.0,36902.0,-270257.0,-3.27,0.0,0.0,-270257.0,-3.27,182452.0,2.21,87805.0,1.06,2000.0,1.279,1.282,79815386.0,102083879,102083879,2026-08-24,2026-08-24 11:54:30+08:00
159338,中证A500ETF国泰,1.205,1.2054,0.03,-0.019,-1.55,17524308.0,2120489463.3,1.224,1.226,1.201,1.224,2.04,8.35,1.22,75.87,8929468.0,8594840.0,-63320467.0,-2.99,-21623728.0,-1.02,-41696739.0,-1.97,31586596.0,1.49,31733877.0,1.5,300.0,1.204,1.206,20984086784.0,25285824575,25285824575,2026-08-24,2026-08-24 11:53:45+08:00
159255,通用航空ETF易方达,0.826,0.8258,-0.02,-0.013,-1.55,5921.0,491101.4,0.838,0.838,0.823,0.839,1.79,0.85,0.36,58.83,1714.0,4207.0,-156022.0,-31.77,-60.0,-0.01,-155962.0,-31.76,95085.0,19.36,60937.0,12.41,5.0,0.824,0.833,69338868.0,57273905,57273905,2026-08-24,2026-08-24 11:54:15+08:00
563800,A500ETF广发,1.204,1.2042,0.02,-0.019,-1.55,1869571.0,226115559.0,1.224,1.224,1.201,1.223,1.88,2.09,1.23,4.47,877770.0,991801.0,-1195122.0,-0.53,-1157855.0,-0.51,-37267.0,-0.02,569327.0,0.25,625795.0,0.28,100.0,1.202,1.204,8935977984.0,10758917493,10758917493,2026-08-24,2026-08-24 11:53:59+08:00
563650,中证A500ETF兴业,1.27,1.2708,0.06,-0.02,-1.55,67651.0,8646325.0,1.29,1.291,1.27,1.29,1.63,4.8,1.3,-95.24,32852.0,34799.0,913662.0,10.57,822642.0,9.51,91020.0,1.05,-857032.0,-9.91,-56631.0,-0.65,-10.0,1.267,1.281,140909000.0,178954430,178954430,2026-08-24,2026-08-24 11:54:01+08:00
159570,港股通创新药ETF汇添富,1.457,1.4594,0.16,-0.023,-1.55,8110033.0,1188596207.2,1.487,1.5,1.446,1.48,3.65,4.9,0.95,12.13,3660061.0,4449972.0,9110811.0,0.77,5172971.0,0.44,3937840.0,0.33,-29687719.0,-2.5,20576904.0,1.73,-4980.0,1.456,1.457,16550597120.0,24114220004,24114220004,2026-08-24,2026-08-24 11:54:27+08:00
512810,军工ETF华宝,0.634,0.6339,-0.02,-0.01,-1.55,204377.0,13049284.0,0.644,0.646,0.631,0.644,2.33,2.03,0.91,55.09,91376.0,113001.0,-145641.0,-1.12,143749.0,1.1,-289390.0,-2.22,-540501.0,-4.14,686142.0,5.26,-10.0,0.634,0.635,1005583504.0,637539942,637539942,2026-08-24,2026-08-24 11:54:16+08:00
560530,中证A500ETF摩根,1.205,1.2073,0.19,-0.019,-1.55,980104.0,118689351.0,1.224,1.225,1.203,1.224,1.8,2.54,2.2,-44.37,318638.0,661466.0,-1600602.0,-1.35,-9790689.0,-8.25,8190087.0,6.9,492715.0,0.42,1107886.0,0.93,-11.0,1.205,1.209,3856623696.0,4647231554,4647231554,2026-08-24,2026-08-24 11:54:00+08:00
561990,沪深300增强ETF招商,1.007,1.0081,0.11,-0.016,-1.56,126978.0,12854788.0,1.023,1.023,1.007,1.023,1.56,3.9,1.24,-1.89,24596.0,102382.0,485795.0,3.78,0.0,0.0,485795.0,3.78,-696350.0,-5.42,210554.0,1.64,-2.0,1.007,1.008,325649200.0,327928744,327928744,2026-08-24,2026-08-24 11:54:03+08:00
512050,A500ETF华夏,1.2,1.2002,0.02,-0.019,-1.56,9079665.0,1094909724.0,1.218,1.22,1.196,1.219,1.97,5.54,1.32,-0.13,3986642.0,5093023.0,-13518081.0,-1.23,-21452880.0,-1.96,7934799.0,0.72,6407624.0,0.59,7110451.0,0.65,166.0,1.199,1.2,16375992320.0,19651190784,19651190784,2026-08-24,2026-08-24 11:54:07+08:00
560310,光伏ETF博时,0.759,0.7597,0.09,-0.012,-1.56,22786.0,1736545.0,0.771,0.775,0.758,0.771,2.2,1.24,1.67,0.21,10845.0,11941.0,-80265.0,-4.62,-166633.0,-9.6,86368.0,4.97,68009.0,3.92,12257.0,0.71,-2870.0,0.759,0.76,184122000.0,139748598,139748598,2026-08-24,2026-08-24 11:53:49+08:00
516180,光伏ETF平安,0.695,0.6953,0.04,-0.011,-1.56,86945.0,6097069.0,0.707,0.71,0.693,0.706,2.41,5.8,1.6,-5.27,50854.0,36091.0,244762.0,4.01,0.0,0.0,244762.0,4.01,-272715.0,-4.47,27953.0,0.46,7.0,0.695,0.696,149987000.0,104240965,104240965,2026-08-24,2026-08-24 11:53:59+08:00
159286,港股通创新药ETF鹏华,0.754,0.7553,0.17,-0.012,-1.57,632477.0,47966840.1,0.77,0.777,0.749,0.766,3.66,8.41,0.92,-19.95,240674.0,391803.0,-2683012.0,-5.59,7613.0,0.02,-2690625.0,-5.61,1123160.0,2.34,1559853.0,3.25,6.0,0.753,0.754,751785408.0,566846198,566846198,2026-08-24,2026-08-24 11:54:21+08:00
563320,通用航空ETF华泰柏瑞,0.813,0.8135,0.06,-0.013,-1.57,89156.0,7272294.0,0.824,0.829,0.809,0.826,2.42,3.86,0.82,-27.59,37071.0,52085.0,-6657.0,-0.09,-874824.0,-12.03,868167.0,11.94,-23477.0,-0.32,30135.0,0.41,1.0,0.813,0.814,230892000.0,187715196,187715196,2026-08-24,2026-08-24 11:53:43+08:00
512370,A500增强ETF华夏,1.189,1.1941,0.43,-0.019,-1.57,6931.0,829359.0,1.208,1.208,1.186,1.208,1.82,0.23,0.36,10.76,953.0,5978.0,245326.0,29.58,0.0,0.0,245326.0,29.58,-139102.0,-16.77,-106223.0,-12.81,1.0,1.187,1.189,302313008.0,359450167,359450167,2026-08-24,2026-08-24 11:54:18+08:00
560750,A500ETF申万菱信,1.318,1.3204,0.18,-0.021,-1.57,41333.0,5477292.0,1.336,1.336,1.316,1.339,1.49,5.26,1.13,-97.71,9923.0,31410.0,972797.0,17.76,0.0,0.0,972797.0,17.76,-814051.0,-14.86,-158747.0,-2.9,200.0,1.299,1.319,78554800.0,103535226,103535226,2026-08-24,2026-08-24 11:54:12+08:00
159869,游戏ETF华夏,1.056,1.0572,0.11,-0.017,-1.58,1727946.0,183824859.2,1.075,1.078,1.052,1.073,2.42,2.15,0.75,37.72,789051.0,938895.0,-12725216.0,-6.92,-7076314.0,-3.85,-5648902.0,-3.07,4709928.0,2.56,8015287.0,4.36,-138.0,1.056,1.057,8050082048.0,8500886643,8500886643,2026-08-24,2026-08-24 11:53:45+08:00
159360,A500ETF天弘,1.3,1.3032,0.25,-0.021,-1.59,183558.0,24028226.4,1.321,1.322,1.298,1.321,1.82,1.48,0.84,-1.76,84417.0,99141.0,-1026173.0,-4.27,-175064.0,-0.73,-851109.0,-3.54,1198979.0,4.99,-172805.0,-0.72,-101.0,1.299,1.301,1241184528.0,1613539886,1613539886,2026-08-24,2026-08-24 11:54:06+08:00
159358,中证A500ETF大成,1.302,1.3048,0.21,-0.021,-1.59,796793.0,104403911.0,1.323,1.324,1.3,1.323,1.81,9.17,2.05,48.83,339182.0,457611.0,2911231.0,2.79,-3982568.0,-3.81,6893799.0,6.6,-2543397.0,-2.44,-367834.0,-0.35,-14.0,1.3,1.313,869106416.0,1131576554,1131576554,2026-08-24,2026-08-24 11:54:00+08:00
159148,石油ETF富国,0.989,0.9913,0.23,-0.016,-1.59,67799.0,6726538.3,0.993,1.001,0.987,1.005,1.39,2.82,0.73,-12.02,26540.0,41259.0,45345.0,0.67,573375.0,8.52,-528030.0,-7.85,46497.0,0.69,-91842.0,-1.37,-100.0,0.988,0.993,240466601.0,237821468,237821468,2026-08-24,2026-08-24 11:54:21+08:00
563870,通用航空ETF鹏华,0.62,0.6199,-0.02,-0.01,-1.59,12868.0,800381.0,0.634,0.634,0.618,0.63,2.54,1.18,1.18,38.09,4947.0,7921.0,-473519.0,-59.16,0.0,0.0,-473519.0,-59.16,384019.0,47.98,89500.0,11.18,18.0,0.618,0.62,109303900.0,67768418,67768418,2026-08-24,2026-08-24 11:54:04+08:00
159177,工程机械ETF鹏华,0.929,0.93,0.11,-0.015,-1.59,9323.0,872250.4,0.941,0.942,0.928,0.944,1.48,1.96,0.23,-25.63,888.0,8435.0,107095.0,12.28,0.0,0.0,107095.0,12.28,-98170.0,-11.25,-8925.0,-1.02,-106.0,0.927,0.931,47619279.0,44238310,44238310,2026-08-24,2026-08-24 11:54:42+08:00
512670,国防ETF鹏华,0.737,0.7374,0.05,-0.012,-1.6,509196.0,37877631.0,0.746,0.751,0.734,0.749,2.27,2.32,0.86,24.28,159391.0,349805.0,-1516949.0,-4.0,-3226412.0,-8.52,1709463.0,4.51,454058.0,1.2,1062891.0,2.81,-10.0,0.737,0.738,2194652608.0,1617458972,1617458972,2026-08-24,2026-08-24 11:54:21+08:00
561510,中药ETF华泰柏瑞,0.924,0.9241,0.01,-0.015,-1.6,11967.0,1110460.0,0.939,0.946,0.919,0.939,2.88,1.86,0.92,-53.06,6385.0,5582.0,-359015.0,-32.33,-185905.0,-16.74,-173110.0,-15.59,263183.0,23.7,95832.0,8.63,5.0,0.924,0.926,64206000.0,59326344,59326344,2026-08-24,2026-08-24 11:53:51+08:00
159889,智能汽车ETF国泰,0.861,0.8598,-0.14,-0.014,-1.6,19024.0,1667970.2,0.88,0.882,0.86,0.875,2.51,6.7,3.16,20.7,15179.0,3845.0,-67095.0,-4.02,536379.0,32.16,-603474.0,-36.18,15146.0,0.91,51949.0,3.11,342.0,0.858,0.87,28400796.0,24453085,24453085,2026-08-24,2026-08-24 11:54:09+08:00
159215,A500ETF平安,1.292,1.295,0.23,-0.021,-1.6,151797.0,19709504.8,1.312,1.314,1.29,1.313,1.83,1.55,1.81,42.25,99465.0,52332.0,877285.0,4.45,-737890.0,-3.74,1615175.0,8.19,-984158.0,-4.99,106873.0,0.54,654.0,1.291,1.296,979582800.0,1265620978,1265620978,2026-08-24,2026-08-24 11:53:51+08:00
159078,A股ETF富国,0.924,0.9261,0.23,-0.015,-1.6,37129.0,3456176.929,0.939,0.94,0.923,0.939,1.81,2.09,0.97,16.2,4839.0,32290.0,27559.0,0.8,-25378.0,-0.73,52937.0,1.53,-107356.0,-3.11,79796.0,2.31,-11.0,0.923,0.927,177262460.0,163790513,163790513,2026-08-24,2026-08-24 11:54:00+08:00
159870,化工ETF鹏华,0.798,0.7978,-0.03,-0.013,-1.6,2651171.0,213228804.635,0.811,0.818,0.794,0.811,2.96,1.59,1.58,-8.94,1421873.0,1229298.0,-27395973.0,-12.85,-42564198.0,-19.96,15168225.0,7.11,17937200.0,8.41,9458774.0,4.44,169.0,0.797,0.798,16691107072.0,13319503443,13319503443,2026-08-24,2026-08-24 11:54:00+08:00
159362,A500ETF工银,1.291,1.2949,0.3,-0.021,-1.6,398985.0,51869281.3,1.312,1.313,1.289,1.312,1.83,2.47,3.18,13.83,220482.0,178503.0,-7349732.0,-14.17,-13402871.0,-25.84,6053139.0,11.67,6344041.0,12.23,1005690.0,1.94,-568.0,1.291,1.293,1613180192.0,2082615628,2082615628,2026-08-24,2026-08-24 11:53:48+08:00
563150,油气ETF银华,1.343,1.3459,0.22,-0.022,-1.61,13086.0,1768029.0,1.359,1.359,1.342,1.365,1.25,3.92,1.5,-4.04,6237.0,6849.0,378685.0,21.42,0.0,0.0,378685.0,21.42,-252950.0,-14.31,-125734.0,-7.11,-2.0,1.34,1.365,33399000.0,44854857,44854857,2026-08-24,2026-08-24 11:53:59+08:00
561660,通用航空ETF平安,0.854,0.8549,0.11,-0.014,-1.61,31699.0,2719346.0,0.864,0.87,0.852,0.868,2.07,4.55,1.49,-20.33,17218.0,14481.0,296574.0,10.91,0.0,0.0,296574.0,10.91,-309007.0,-11.36,12433.0,0.46,5.0,0.852,0.867,69710000.0,59532340,59532340,2026-08-24,2026-08-24 11:53:51+08:00
561130,国货ETF富国,1.042,1.0428,0.08,-0.017,-1.61,57486.0,6024680.0,1.054,1.054,1.041,1.059,1.23,6.85,1.01,-0.15,21796.0,35690.0,28430.0,0.47,0.0,0.0,28430.0,0.47,-80092.0,-1.33,51662.0,0.86,-1.0,1.041,1.043,83935200.0,87460478,87460478,2026-08-24,2026-08-24 11:54:08+08:00
516620,影视ETF国泰,0.795,0.7942,-0.1,-0.013,-1.61,106306.0,8523473.0,0.805,0.811,0.793,0.808,2.23,5.56,0.8,18.77,38569.0,67737.0,84727.0,0.99,345469.0,4.05,-260742.0,-3.06,-374139.0,-4.39,289412.0,3.4,1.0,0.794,0.795,191267500.0,152057663,152057663,2026-08-24,2026-08-24 11:54:09+08:00
516020,化工ETF华宝,0.853,0.8519,-0.13,-0.014,-1.61,753607.0,64800027.0,0.869,0.874,0.848,0.867,3.0,2.18,1.57,45.39,373008.0,380599.0,3972786.0,6.13,3825408.0,5.9,147378.0,0.23,-3648356.0,-5.63,-324431.0,-0.5,606.0,0.851,0.853,3452326208.0,2944834255,2944834255,2026-08-24,2026-08-24 11:54:00+08:00
159380,A500ETF东财,1.344,1.3431,-0.07,-0.022,-1.61,63514.0,8578677.9,1.365,1.367,1.341,1.366,1.9,4.18,1.64,-68.36,18936.0,44578.0,-1762282.0,-20.54,-1055509.0,-12.3,-706773.0,-8.24,837283.0,9.76,925000.0,10.78,-102.0,1.343,1.348,151804337.0,204025029,204025029,2026-08-24,2026-08-24 11:53:54+08:00
561500,漂亮50ETF华泰柏瑞,0.795,0.7944,-0.08,-0.013,-1.61,20793.0,1658010.0,0.808,0.808,0.792,0.808,1.98,3.81,4.99,7.59,7536.0,13257.0,115413.0,6.96,0.0,0.0,115413.0,6.96,-181971.0,-10.98,66557.0,4.01,17.0,0.793,0.8,54600300.0,43407239,43407239,2026-08-24,2026-08-24 11:54:13+08:00
561200,中证A100ETF工银,1.461,1.4615,0.03,-0.024,-1.62,6621.0,973795.0,1.48,1.48,1.46,1.485,1.35,2.1,0.91,26.49,5896.0,725.0,-91924.0,-9.44,0.0,0.0,-91924.0,-9.44,-39401.0,-4.05,131326.0,13.49,406.0,1.461,1.463,31470500.0,45978401,45978401,2026-08-24,2026-08-24 11:54:01+08:00
159339,A500ETF银华,1.215,1.2165,0.12,-0.02,-1.62,536959.0,65596438.3,1.234,1.236,1.212,1.235,1.94,2.75,1.51,-12.75,302160.0,234799.0,-1024186.0,-1.56,-4038395.0,-6.16,3014209.0,4.6,137014.0,0.21,887171.0,1.35,5.0,1.215,1.217,1952086848.0,2371785520,2371785520,2026-08-24,2026-08-24 11:54:36+08:00
510570,中证500ETF兴业,1.216,1.2141,-0.16,-0.02,-1.62,18232.0,2228973.0,1.237,1.239,1.211,1.236,2.27,5.51,1.85,75.0,5221.0,13011.0,191034.0,8.57,0.0,0.0,191034.0,8.57,-176916.0,-7.94,-14118.0,-0.63,4.0,1.199,1.235,33060600.0,40201690,40201690,2026-08-24,2026-08-24 11:54:27+08:00
159240,A500增强ETF天弘,1.277,1.2781,0.09,-0.021,-1.62,1225.0,156832.9,1.289,1.289,1.277,1.298,0.92,0.59,0.16,-7.27,104.0,1121.0,-3578.0,-2.28,0.0,0.0,-3578.0,-2.28,-20885.0,-13.32,24464.0,15.6,20.0,1.277,1.279,20619776.0,26331454,26331454,2026-08-24,2026-08-24 11:53:54+08:00
159357,A500ETF博时,1.271,1.2757,0.37,-0.021,-1.63,126391.0,16137967.601,1.291,1.292,1.27,1.292,1.7,1.04,0.92,8.53,66973.0,59418.0,405214.0,2.51,1107158.0,6.86,-701944.0,-4.35,-512352.0,-3.17,107139.0,0.66,-18.0,1.27,1.272,1213833840.0,1542782811,1542782811,2026-08-24,2026-08-24 11:53:57+08:00
512660,军工ETF国泰,1.089,1.0905,0.14,-0.018,-1.63,1265517.0,138991337.0,1.104,1.111,1.085,1.107,2.35,2.15,0.99,25.79,515858.0,749659.0,-17120134.0,-12.32,-15583994.0,-11.21,-1536140.0,-1.11,8145665.0,5.86,8974468.0,6.46,-336.0,1.089,1.091,5892080128.0,6416475259,6416475259,2026-08-24,2026-08-24 11:54:01+08:00
561880,A100ETF华富,1.27,1.2702,0.02,-0.021,-1.63,15851.0,2024950.0,1.291,1.291,1.269,1.291,1.7,1.97,2.13,-97.21,9039.0,6812.0,-285322.0,-14.09,-19395.0,-0.96,-265927.0,-13.13,178843.0,8.83,106479.0,5.26,-10.0,1.266,1.291,80389000.0,102094030,102094030,2026-08-24,2026-08-24 11:54:09+08:00
515810,中证800ETF易方达,1.69,1.697,0.41,-0.028,-1.63,48878.0,8318085.0,1.715,1.718,1.688,1.718,1.75,1.81,1.13,46.2,17328.0,31550.0,1215079.0,14.61,-981855.0,-11.8,2196934.0,26.41,825523.0,9.92,-2040601.0,-24.53,-27.0,1.69,1.693,269908800.0,456145872,456145872,2026-08-24,2026-08-24 11:54:06+08:00
510560,中证500ETF国寿,1.935,1.9363,0.07,-0.032,-1.63,8661.0,1685278.0,1.972,1.974,1.934,1.967,2.03,1.66,4.63,6.25,2309.0,6352.0,447971.0,26.58,999427.0,59.3,-551456.0,-32.72,-373758.0,-22.18,-74213.0,-4.4,-506.0,1.937,1.944,52318700.0,101236685,101236685,2026-08-24,2026-08-24 11:54:27+08:00
159359,A500ETF华安,1.262,1.2641,0.17,-0.021,-1.64,163468.0,20765945.4,1.283,1.283,1.261,1.283,1.71,2.38,1.07,26.08,52319.0,111149.0,2235569.0,10.77,2922998.0,14.08,-687429.0,-3.31,-2355310.0,-11.34,119742.0,0.58,-3.0,1.26,1.264,686140432.0,865909225,865909225,2026-08-24,2026-08-24 11:54:03+08:00
159618,光伏ETF华安,0.661,0.6614,0.06,-0.011,-1.64,10559.0,705973.8,0.672,0.677,0.66,0.672,2.53,1.42,0.95,1.58,3589.0,6970.0,-27022.0,-3.83,0.0,0.0,-27022.0,-3.83,-5033.0,-0.71,32055.0,4.54,-9.0,0.661,0.662,74131407.0,49000860,49000860,2026-08-24,2026-08-24 11:53:54+08:00
560280,工程机械ETF广发,1.5,1.4989,-0.07,-0.025,-1.64,292911.0,44077813.0,1.523,1.526,1.496,1.525,1.97,1.82,0.58,55.67,115199.0,177712.0,-9500582.0,-21.55,-92727.0,-0.21,-9407855.0,-21.34,5066164.0,11.49,4434416.0,10.06,605.0,1.497,1.5,1608252000.0,2412378000,2412378000,2026-08-24,2026-08-24 11:54:12+08:00
560100,中证500增强ETF南方,1.317,1.319,0.15,-0.022,-1.64,40064.0,5363655.0,1.343,1.343,1.315,1.339,2.09,6.9,0.95,-61.32,13216.0,26848.0,133500.0,2.49,-178514.0,-3.33,312014.0,5.82,-142780.0,-2.66,9280.0,0.17,-10.0,1.316,1.319,58080300.0,76491755,76491755,2026-08-24,2026-08-24 11:54:11+08:00
563220,A500ETF富国,1.254,1.2561,0.17,-0.021,-1.65,1703761.0,214912720.0,1.275,1.275,1.25,1.275,1.96,2.58,1.88,19.95,674643.0,1029118.0,3753900.0,1.75,-811233.0,-0.38,4565133.0,2.12,-2797120.0,-1.3,-956781.0,-0.45,2.0,1.253,1.254,6611013632.0,8290211095,8290211095,2026-08-24,2026-08-24 11:53:50+08:00
562910,高端制造ETF易方达,0.831,0.8324,0.17,-0.014,-1.66,49793.0,4167620.0,0.845,0.847,0.829,0.845,2.13,1.69,0.74,72.59,14010.0,35783.0,-96207.0,-2.31,-65525.0,-1.57,-30682.0,-0.74,-248284.0,-5.96,344492.0,8.27,-24.0,0.83,0.833,294227296.0,244502883,244502883,2026-08-24,2026-08-24 11:53:54+08:00
159677,中证1000增强ETF银华,1.421,1.4238,0.2,-0.024,-1.66,45273.0,6508731.4,1.447,1.453,1.419,1.445,2.35,16.83,1.68,0.23,23567.0,21706.0,622436.0,9.56,0.0,0.0,622436.0,9.56,-580088.0,-8.91,-42349.0,-0.65,10.0,1.419,1.421,26904091.0,38230713,38230713,2026-08-24,2026-08-24 11:53:42+08:00
159283,通用航空ETF南方,0.829,0.829,0.0,-0.014,-1.66,37423.0,3133621.8,0.836,0.845,0.826,0.843,2.25,1.25,0.58,81.53,13508.0,23915.0,-188402.0,-6.01,0.0,0.0,-188402.0,-6.01,154983.0,4.95,33419.0,1.07,687.0,0.828,0.834,300437984.0,249063089,249063089,2026-08-24,2026-08-24 11:54:18+08:00
520770,恒指港股通ETF建信,0.945,0.9418,-0.34,-0.016,-1.66,12167.0,1151355.0,0.952,0.952,0.943,0.961,0.94,0.57,0.43,-49.24,1849.0,10318.0,99921.0,8.68,0.0,0.0,99921.0,8.68,8514.0,0.74,-108435.0,-9.42,100.0,0.944,0.945,213373800.0,201638241,201638241,2026-08-24,2026-08-24 11:54:19+08:00
159217,港股通创新药ETF工银,1.183,1.1843,0.11,-0.02,-1.66,2600512.0,309735962.7,1.208,1.22,1.174,1.203,3.82,4.36,0.71,-22.74,1203120.0,1397392.0,-6460002.0,-2.09,1356150.0,0.44,-7816152.0,-2.52,4144843.0,1.34,2315159.0,0.75,77.0,1.182,1.183,5959157504.0,7049683327,7049683327,2026-08-24,2026-08-24 11:54:00+08:00
560950,中证500增强ETF汇添富,1.353,1.3524,-0.04,-0.023,-1.67,136.0,18591.0,1.378,1.378,1.353,1.376,1.82,0.09,0.03,-90.85,59.0,77.0,-3845.0,-20.68,0.0,0.0,-3845.0,-20.68,-812.0,-4.37,4658.0,25.06,1.0,1.335,1.376,15483000.0,20948499,20948499,2026-08-24,2026-08-24 11:53:50+08:00
560610,A500ETF招商,1.176,1.1761,0.01,-0.02,-1.67,617938.0,72947001.0,1.194,1.195,1.173,1.196,1.84,1.17,1.14,68.29,272036.0,345902.0,-4411054.0,-6.05,1660913.0,2.28,-6071967.0,-8.32,2026198.0,2.78,2384856.0,3.27,1234.0,1.174,1.177,5290988288.0,6222202227,6222202227,2026-08-24,2026-08-24 11:53:57+08:00
517300,沪港深300ETF国寿,0.942,0.9451,0.33,-0.016,-1.67,21297.0,2010701.0,0.95,0.952,0.941,0.958,1.15,0.21,2.05,36.84,7348.0,13949.0,-355509.0,-17.68,-1104305.0,-54.92,748796.0,37.24,156707.0,7.79,198803.0,9.89,8.0,0.942,0.953,1005434496.0,947119295,947119295,2026-08-24,2026-08-24 11:53:59+08:00
515590,500等权ETF前海开源,1.886,1.8849,-0.06,-0.032,-1.67,5270.0,1001497.0,1.922,1.922,1.886,1.918,1.88,1.46,1.13,-0.19,2567.0,2703.0,-457678.0,-45.7,0.0,0.0,-457678.0,-45.7,287904.0,28.75,169774.0,16.95,26.0,1.883,1.888,36113700.0,68110438,68110438,2026-08-24,2026-08-24 11:54:13+08:00
563660,A500ETF银河,1.236,1.2381,0.17,-0.021,-1.67,18209.0,2260992.0,1.246,1.249,1.235,1.257,1.11,2.89,2.17,70.83,7060.0,11149.0,-84374.0,-3.73,0.0,0.0,-84374.0,-3.73,86873.0,3.84,-2499.0,-0.11,1336.0,1.234,1.255,63085200.0,77973307,77973307,2026-08-24,2026-08-24 11:54:03+08:00
512680,军工ETF广发,1.116,1.1167,0.06,-0.019,-1.67,207920.0,23396625.0,1.127,1.138,1.11,1.135,2.47,0.67,0.72,42.21,86077.0,121843.0,-1843764.0,-7.88,-349255.0,-1.49,-1494509.0,-6.39,756919.0,3.24,1086845.0,4.65,-1.0,1.116,1.118,3096130096.0,3455281187,3455281187,2026-08-24,2026-08-24 11:54:02+08:00
516250,工程机械ETF富国,0.937,0.9372,0.02,-0.016,-1.68,7583.0,713464.0,0.95,0.95,0.935,0.953,1.57,0.96,0.14,85.23,4860.0,2723.0,-57986.0,-8.13,10173.0,1.43,-68159.0,-9.55,60577.0,8.49,-2592.0,-0.36,1.0,0.936,0.949,78878000.0,73908686,73908686,2026-08-24,2026-08-24 11:54:11+08:00
560510,中证A500ETF泰康,1.174,1.1772,0.27,-0.02,-1.68,320949.0,37882780.0,1.194,1.194,1.172,1.194,1.84,1.27,1.35,60.36,163793.0,157156.0,-2331085.0,-6.15,1588793.0,4.19,-3919878.0,-10.35,873479.0,2.31,1457604.0,3.85,-10.0,1.173,1.176,2519026896.0,2957337576,2957337576,2026-08-24,2026-08-24 11:54:10+08:00
526070,恒指港股通ETF博时,0.994,0.9949,0.09,-0.017,-1.68,33140.0,3301646.0,1.008,1.008,0.994,1.011,1.38,6.33,0.76,-21.59,6931.0,26209.0,-244373.0,-7.4,0.0,0.0,-244373.0,-7.4,155876.0,4.72,88498.0,2.68,-10.0,0.991,0.999,52377000.0,52062738,52062738,2026-08-24,2026-08-24 11:54:00+08:00
159356,A500ETF万家,1.28,1.2842,0.33,-0.022,-1.69,249064.0,32018297.9,1.302,1.302,1.277,1.302,1.92,3.31,1.65,25.6,131185.0,117879.0,340766.0,1.06,-1643420.0,-5.13,1984186.0,6.2,-346323.0,-1.08,5559.0,0.02,2.0,1.279,1.281,752120640.0,962714419,962714419,2026-08-24,2026-08-24 11:53:54+08:00
159647,中药ETF鹏华,0.875,0.875,0.0,-0.015,-1.69,158076.0,13847979.5,0.886,0.887,0.869,0.89,2.02,1.54,1.15,30.49,60587.0,97489.0,-2572860.0,-18.58,432296.0,3.12,-3005156.0,-21.7,505449.0,3.65,2067411.0,14.93,8.0,0.874,0.876,1023961760.0,895966540,895966540,2026-08-24,2026-08-24 11:54:09+08:00
159316,港股通创新药ETF易方达,1.157,1.161,0.34,-0.02,-1.7,3751565.0,436662402.6,1.179,1.191,1.15,1.177,3.48,6.8,0.87,-23.14,1694978.0,2056587.0,-21362239.0,-4.89,-18202975.0,-4.17,-3159264.0,-0.72,12790445.0,2.93,8571794.0,1.96,-5732.0,1.157,1.158,5517336064.0,6383557826,6383557826,2026-08-24,2026-08-24 11:54:30+08:00
159638,高端装备ETF嘉实,0.803,0.8047,0.21,-0.014,-1.71,239479.0,19379602.178,0.812,0.818,0.8,0.817,2.2,1.64,0.97,17.24,78599.0,160880.0,1063391.0,5.49,3275775.0,16.9,-2212384.0,-11.42,-16347.0,-0.08,-1047044.0,-5.4,-500.0,0.803,0.804,1462341936.0,1174260575,1174260575,2026-08-24,2026-08-24 11:54:24+08:00
159270,创业板200ETF南方,1.092,1.0913,-0.06,-0.019,-1.71,69105.0,7639190.8,1.113,1.133,1.09,1.111,3.87,7.79,1.37,-88.0,32061.0,37044.0,-615758.0,-8.06,0.0,0.0,-615758.0,-8.06,611280.0,8.0,4478.0,0.06,100.0,1.09,1.098,88763649.0,96929905,96929905,2026-08-24,2026-08-24 11:54:15+08:00
159226,中证A500增强ETF国泰,1.259,1.2605,0.12,-0.022,-1.72,66557.0,8434776.0,1.283,1.283,1.257,1.281,2.03,7.91,0.74,-21.07,32341.0,34216.0,-332820.0,-3.95,0.0,0.0,-332820.0,-3.95,29486.0,0.35,303334.0,3.6,1330.0,1.259,1.26,84094840.0,105875404,105875404,2026-08-24,2026-08-24 11:53:57+08:00
520690,港股创新药ETF博时,0.741,0.7423,0.18,-0.013,-1.72,768098.0,57433602.0,0.759,0.765,0.737,0.754,3.71,11.92,0.93,-30.27,323088.0,445010.0,-4669757.0,-8.13,-3325689.0,-5.79,-1344068.0,-2.34,3031253.0,5.28,1638502.0,2.85,1581.0,0.74,0.742,644454000.0,477540414,477540414,2026-08-24,2026-08-24 11:53:59+08:00
515060,房地产ETF华夏,0.571,0.5708,-0.04,-0.01,-1.72,381498.0,21965328.0,0.581,0.584,0.571,0.581,2.24,4.03,1.09,-32.94,149220.0,232278.0,636521.0,2.9,2961402.0,13.48,-2324881.0,-10.58,-100438.0,-0.46,-536082.0,-2.44,79.0,0.57,0.572,946478096.0,540438993,540438993,2026-08-24,2026-08-24 11:54:19+08:00
159297,港股通创新药ETF南方,0.738,0.7383,0.04,-0.013,-1.73,1866766.0,138890623.8,0.751,0.762,0.732,0.751,3.99,4.87,1.01,-15.82,865732.0,1001034.0,-5150897.0,-3.71,3166635.0,2.28,-8317532.0,-5.99,2892475.0,2.08,2258421.0,1.63,-100.0,0.738,0.739,3835418640.0,2830538956,2830538956,2026-08-24,2026-08-24 11:54:27+08:00
516520,智能驾驶ETF华泰柏瑞,1.024,1.0219,-0.21,-0.018,-1.73,335240.0,34810598.0,1.04,1.05,1.02,1.042,2.88,4.16,1.35,3.67,131023.0,204217.0,-17206513.0,-49.43,-5809210.0,-16.69,-11397303.0,-32.74,-2128222.0,-6.11,19334736.0,55.54,25.0,1.023,1.026,805765504.0,825103876,825103876,2026-08-24,2026-08-24 11:54:15+08:00
560920,工程机械ETF招商,0.963,0.9631,0.01,-0.017,-1.73,4873.0,470736.0,0.975,0.975,0.962,0.98,1.33,1.07,0.4,79.92,2513.0,2360.0,-78194.0,-16.61,5911.0,1.26,-84105.0,-17.87,108154.0,22.98,-29961.0,-6.36,7.0,0.962,0.965,45373300.0,43694488,43694488,2026-08-24,2026-08-24 11:54:18+08:00
520500,恒生创新药ETF华泰柏瑞,1.423,1.4251,0.15,-0.025,-1.73,5014839.0,719850253.0,1.456,1.473,1.415,1.448,4.01,25.7,0.83,-37.16,2340378.0,2674461.0,-35312269.0,-4.91,-28051133.0,-3.9,-7261136.0,-1.01,16151691.0,2.24,19160576.0,2.66,-571.0,1.422,1.423,1951305008.0,2776707026,2776707026,2026-08-24,2026-08-24 11:53:55+08:00
563500,A500ETF华宝,0.625,0.6246,-0.06,-0.011,-1.73,196640.0,12353224.0,0.636,0.636,0.624,0.636,1.89,2.65,2.15,93.6,85903.0,110737.0,-396735.0,-3.21,625353.0,5.06,-1022088.0,-8.27,346481.0,2.8,50254.0,0.41,60.0,0.624,0.625,741958704.0,463724190,463724190,2026-08-24,2026-08-24 11:54:03+08:00
563330,A股ETF华泰柏瑞,4.13,4.1371,0.17,-0.073,-1.74,75646.0,31562768.0,4.198,4.21,4.123,4.203,2.07,20.3,1.55,8.64,33851.0,41795.0,4630692.0,14.67,3513977.0,11.13,1116715.0,3.54,-3224530.0,-10.22,-1406162.0,-4.46,-1.0,4.13,4.145,37260600.0,153886278,153886278,2026-08-24,2026-08-24 11:54:00+08:00
563550,A500增强ETF摩根,1.24,1.2405,0.04,-0.022,-1.74,86201.0,10761775.0,1.262,1.264,1.238,1.262,2.06,10.44,1.68,-64.57,40881.0,45320.0,-153808.0,-1.43,-904408.0,-8.4,750600.0,6.97,144425.0,1.34,9382.0,0.09,12.0,1.237,1.249,82559000.0,102373160,102373160,2026-08-24,2026-08-24 11:54:01+08:00
561360,石油ETF国泰,1.471,1.4732,0.15,-0.026,-1.74,213386.0,31544961.0,1.49,1.493,1.467,1.497,1.74,1.62,0.79,57.1,87135.0,126251.0,1725931.0,5.47,656449.0,2.08,1069482.0,3.39,-923519.0,-2.93,-802414.0,-2.54,-1.0,1.471,1.474,1321148000.0,1943408708,1943408708,2026-08-24,2026-08-24 11:53:52+08:00
561620,化工ETF华泰柏瑞,1.019,1.0194,0.04,-0.018,-1.74,7026.0,718541.0,1.035,1.043,1.015,1.037,2.7,1.55,0.23,-72.41,3356.0,3670.0,106452.0,14.82,0.0,0.0,106452.0,14.82,-116379.0,-16.2,9927.0,1.38,2000.0,1.015,1.047,45227000.0,46086313,46086313,2026-08-24,2026-08-24 11:53:54+08:00
515550,中证500ETF国联,1.739,1.7476,0.49,-0.031,-1.75,6923.0,1211215.0,1.762,1.762,1.739,1.77,1.3,3.4,0.75,-90.11,1093.0,5830.0,734405.0,60.63,0.0,0.0,734405.0,60.63,-473130.0,-39.06,-261274.0,-21.57,1056.0,1.739,1.762,20345700.0,35381172,35381172,2026-08-24,2026-08-24 11:54:13+08:00
159138,工程机械ETF易方达,0.895,0.8963,0.15,-0.016,-1.76,17345.0,1567311.4,0.921,0.921,0.895,0.911,2.85,0.59,0.43,74.81,7209.0,10136.0,-189684.0,-12.1,0.0,0.0,-189684.0,-12.1,-28282.0,-1.8,217967.0,13.91,-55.0,0.895,0.904,294267920.0,263369788,263369788,2026-08-24,2026-08-24 11:54:06+08:00
520940,港股通恒生ETF华安,1.005,1.0059,0.09,-0.018,-1.76,37978.0,3827563.0,1.016,1.016,1.005,1.023,1.08,17.03,1.22,80.98,22313.0,15665.0,118286.0,3.09,0.0,0.0,118286.0,3.09,-149936.0,-3.92,31649.0,0.83,1676.0,1.004,1.011,22297000.0,22408485,22408485,2026-08-24,2026-08-24 11:53:52+08:00
515190,中证500ETF中银证券,1.621,1.6228,0.11,-0.029,-1.76,22387.0,3663018.0,1.653,1.653,1.616,1.65,2.24,0.76,4.24,90.3,11557.0,10830.0,-724699.0,-19.78,0.0,0.0,-724699.0,-19.78,532987.0,14.55,191713.0,5.23,100.0,1.618,1.626,293466096.0,475708542,475708542,2026-08-24,2026-08-24 11:54:09+08:00
159365,恒指港股通ETF富国,1.001,1.0027,0.17,-0.018,-1.77,5801.0,582330.8,1.019,1.019,1.001,1.019,1.77,1.26,1.03,64.69,2830.0,2971.0,-120033.0,-20.61,0.0,0.0,-120033.0,-20.61,110890.0,19.04,9142.0,1.57,-3.0,1.0,1.002,46162398.0,46208560,46208560,2026-08-24,2026-08-24 11:53:48+08:00
516230,光伏ETF招商,0.775,0.7764,0.18,-0.014,-1.77,84985.0,6635281.0,0.788,0.793,0.774,0.789,2.41,1.14,1.62,25.83,26263.0,58722.0,-40151.0,-0.61,781000.0,11.77,-821151.0,-12.38,-46223.0,-0.7,86374.0,1.3,-374.0,0.775,0.778,742921008.0,575763781,575763781,2026-08-24,2026-08-24 11:54:12+08:00
561890,A股ETF易方达,0.997,0.9999,0.29,-0.018,-1.77,14502.0,1460351.0,1.022,1.022,0.996,1.015,2.56,3.15,0.31,85.88,2368.0,12134.0,-159168.0,-10.9,0.0,0.0,-159168.0,-10.9,50651.0,3.47,108517.0,7.43,-1.0,0.998,1.008,46112600.0,45974262,45974262,2026-08-24,2026-08-24 11:54:05+08:00
516220,化工ETF国泰,0.89,0.8913,0.15,-0.016,-1.77,89770.0,8062315.0,0.908,0.913,0.888,0.906,2.76,3.39,1.55,-1.49,53570.0,36200.0,-427884.0,-5.31,-380027.0,-4.71,-47857.0,-0.59,249900.0,3.1,177984.0,2.21,-9.0,0.888,0.892,265170000.0,236001300,236001300,2026-08-24,2026-08-24 11:54:14+08:00
560080,中药ETF汇添富,0.941,0.942,0.11,-0.017,-1.77,430507.0,40649752.0,0.95,0.955,0.936,0.958,1.98,1.94,1.39,-4.22,188232.0,242275.0,-6220827.0,-15.3,-1582931.0,-3.89,-4637896.0,-11.41,1994645.0,4.91,4226182.0,10.4,-35.0,0.941,0.942,2217765008.0,2086916873,2086916873,2026-08-24,2026-08-24 11:54:04+08:00
159606,中证500成长ETF易方达,1.333,1.3326,-0.03,-0.024,-1.77,72350.0,9725323.8,1.352,1.357,1.331,1.357,1.92,1.8,0.83,-18.69,30115.0,42235.0,-433578.0,-4.46,0.0,0.0,-433578.0,-4.46,286323.0,2.94,147255.0,1.51,24.0,1.33,1.333,402222832.0,536163035,536163035,2026-08-24,2026-08-24 11:53:36+08:00
515800,中证800ETF汇添富,1.268,1.2694,0.11,-0.023,-1.78,554426.0,70819935.0,1.289,1.29,1.266,1.291,1.86,1.37,1.74,-16.08,247889.0,306537.0,2922645.0,4.13,15766648.0,22.26,-12844003.0,-18.14,-2622756.0,-3.7,-299889.0,-0.42,-3.0,1.268,1.27,4033937200.0,5115032370,5115032370,2026-08-24,2026-08-24 11:54:02+08:00
516120,化工ETF富国,0.873,0.8715,-0.17,-0.016,-1.8,617293.0,54215064.0,0.889,0.894,0.867,0.889,3.04,1.21,1.51,-25.58,237626.0,379667.0,2882996.0,5.32,2855985.0,5.27,27011.0,0.05,-1929594.0,-3.56,-953401.0,-1.76,278.0,0.871,0.873,5117082112.0,4467212684,4467212684,2026-08-24,2026-08-24 11:53:58+08:00
159850,恒生国企ETF华夏,0.815,0.8179,0.35,-0.015,-1.81,47734.0,3903949.7,0.825,0.825,0.813,0.83,1.45,1.05,0.5,31.2,26249.0,21485.0,-140836.0,-3.61,-26976.0,-0.69,-113860.0,-2.92,25015.0,0.64,115821.0,2.97,-259.0,0.814,0.816,455706496.0,371400794,371400794,2026-08-24,2026-08-24 11:53:48+08:00
159855,影视ETF银华,0.704,0.7041,0.01,-0.013,-1.81,61087.0,4333160.4,0.716,0.717,0.702,0.717,2.09,3.35,0.95,47.33,20014.0,41073.0,-277311.0,-6.4,263456.0,6.08,-540767.0,-12.48,-366348.0,-8.45,643658.0,14.85,33.0,0.703,0.704,182425236.0,128427366,128427366,2026-08-24,2026-08-24 11:54:24+08:00
159133,化工ETF天弘,1.083,1.0847,0.16,-0.02,-1.81,187559.0,20506218.0,1.104,1.11,1.079,1.103,2.81,1.19,0.98,-53.89,90164.0,97395.0,-899880.0,-4.39,520107.0,2.54,-1419987.0,-6.92,570735.0,2.78,329144.0,1.61,-2615.0,1.082,1.086,1577913344.0,1708880152,1708880152,2026-08-24,2026-08-24 11:54:36+08:00
159954,恒生中国企业ETF南方,0.922,0.9203,-0.18,-0.017,-1.81,8172.0,756942.0,0.935,0.935,0.92,0.939,1.6,0.44,0.91,11.68,816.0,7356.0,-71248.0,-9.41,0.0,0.0,-71248.0,-9.41,54370.0,7.18,16877.0,2.23,17.0,0.921,0.923,186105083.0,171588887,171588887,2026-08-24,2026-08-24 11:54:15+08:00
159678,500增强ETF博时,1.522,1.5228,0.05,-0.028,-1.81,18259.0,2791810.2,1.566,1.566,1.513,1.55,3.42,2.05,0.84,6.82,2750.0,15509.0,-265549.0,-9.51,0.0,0.0,-265549.0,-9.51,120686.0,4.32,144864.0,5.19,50.0,1.517,1.52,89143694.0,135676702,135676702,2026-08-24,2026-08-24 11:54:27+08:00
159309,油气ETF汇添富,1.41,1.4122,0.16,-0.026,-1.81,240399.0,34003943.0,1.416,1.433,1.405,1.436,1.95,4.49,1.24,-0.26,100445.0,139954.0,364930.0,1.07,3230626.0,9.5,-2865696.0,-8.43,-1629315.0,-4.79,1264385.0,3.72,-1.0,1.409,1.411,535371744.0,754874159,754874159,2026-08-24,2026-08-24 11:54:24+08:00
159312,恒指港股通ETF广发,1.185,1.1861,0.09,-0.022,-1.82,11945.0,1418374.2,1.206,1.206,1.183,1.207,1.91,3.71,1.65,-40.28,5013.0,6932.0,-271012.0,-19.11,0.0,0.0,-271012.0,-19.11,316494.0,22.31,-45481.0,-3.21,172.0,1.183,1.185,32224353.0,38185858,38185858,2026-08-24,2026-08-24 11:54:33+08:00
159582,半导体ETF博时,0.755,0.7543,-0.09,-0.014,-1.82,695138.0,53005135.17,0.769,0.775,0.748,0.769,3.51,6.78,0.87,34.53,338732.0,356406.0,-5009075.0,-9.45,-1867176.0,-3.52,-3141899.0,-5.93,190396.0,0.36,4818678.0,9.09,1121.0,0.753,0.754,1025608112.0,774334125,774334125,2026-08-24,2026-08-24 11:54:27+08:00
158005,工程机械ETF博时,0.973,0.9744,0.14,-0.018,-1.82,323622.0,31738659.954,0.987,0.993,0.973,0.991,2.02,14.38,,94.61,135535.0,188087.0,6890728.0,21.71,14327669.0,45.14,-7436941.0,-23.43,-5165897.0,-16.28,-1724832.0,-5.43,-1310.0,0.973,0.975,225061376.0,218984719,218984719,2026-08-24,2026-08-24 11:54:09+08:00
512200,房地产ETF南方,1.186,1.1867,0.06,-0.022,-1.82,429233.0,51344427.0,1.204,1.214,1.185,1.208,2.4,1.51,0.93,18.31,174228.0,255005.0,3655510.0,7.12,-2725184.0,-5.31,6380694.0,12.43,-143406.0,-0.28,-3512104.0,-6.84,-507.0,1.185,1.187,2834847904.0,3362129614,3362129614,2026-08-24,2026-08-24 11:54:20+08:00
159567,港股创新药ETF银华,0.703,0.7056,0.37,-0.013,-1.82,10036850.0,712200294.564,0.719,0.726,0.7,0.716,3.63,9.44,1.22,15.99,4202592.0,5834258.0,-25506115.0,-3.58,-49931152.0,-7.01,24425037.0,3.43,19438231.0,2.73,6067886.0,0.85,-3823.0,0.703,0.704,10628729856.0,7471997089,7471997089,2026-08-24,2026-08-24 11:54:21+08:00
520960,恒指港股通ETF嘉实,0.914,0.9154,0.15,-0.017,-1.83,6498.0,594976.0,0.918,0.923,0.914,0.931,0.97,1.31,0.88,37.19,470.0,6028.0,6688.0,1.12,0.0,0.0,6688.0,1.12,112.0,0.02,-6800.0,-1.14,-14.0,0.914,0.927,49603400.0,45337508,45337508,2026-08-24,2026-08-24 11:54:11+08:00
159379,A500ETF融通,1.342,1.3459,0.29,-0.025,-1.83,14990.0,2024427.2,1.362,1.362,1.341,1.367,1.54,0.94,0.99,98.29,4431.0,10559.0,-587430.0,-29.02,0.0,0.0,-587430.0,-29.02,514840.0,25.43,72590.0,3.59,-10.0,1.34,1.366,158821471.0,213138414,213138414,2026-08-24,2026-08-24 11:53:51+08:00
159238,沪深300增强ETF景顺,1.288,1.2882,0.02,-0.024,-1.83,41367.0,5351339.9,1.31,1.31,1.286,1.312,1.83,7.66,1.7,18.44,15940.0,25427.0,-457192.0,-8.54,-1287326.0,-24.06,830134.0,15.51,-94301.0,-1.76,551494.0,10.31,-750.0,1.287,1.293,54016186.0,69572848,69572848,2026-08-24,2026-08-24 11:54:09+08:00
159271,恒生ETF鹏华,0.961,0.9625,0.16,-0.018,-1.84,44907.0,4329434.8,0.974,0.98,0.96,0.979,2.04,1.72,1.37,66.01,6068.0,38839.0,820882.0,18.96,2127900.0,49.15,-1307018.0,-30.19,-97883.0,-2.26,-722998.0,-16.7,3.0,0.96,0.961,261386731.0,251192648,251192648,2026-08-24,2026-08-24 11:54:18+08:00
510510,中证500ETF广发,2.511,2.5046,-0.26,-0.047,-1.84,231465.0,58537284.0,2.553,2.559,2.497,2.558,2.42,2.79,2.02,45.41,123663.0,107802.0,-12373073.0,-21.14,-10607703.0,-18.12,-1765370.0,-3.02,5062312.0,8.65,7310761.0,12.49,3.0,2.503,2.511,829038304.0,2081715181,2081715181,2026-08-24,2026-08-24 11:54:12+08:00
159210,港股通汽车ETF汇添富,0.852,0.8505,-0.18,-0.016,-1.84,130249.0,11194474.0,0.869,0.87,0.851,0.868,2.19,37.7,1.27,60.06,54891.0,75358.0,-282689.0,-2.53,0.0,0.0,-282689.0,-2.53,250782.0,2.24,31906.0,0.29,164.0,0.851,0.853,34549802.0,29436431,29436431,2026-08-24,2026-08-24 11:53:54+08:00
159056,医疗器械ETF富国,1.011,1.0116,0.06,-0.019,-1.84,11119.0,1128467.909,1.03,1.03,1.008,1.03,2.14,1.5,0.2,-25.01,3269.0,7850.0,-165120.0,-14.63,0.0,0.0,-165120.0,-14.63,164228.0,14.55,892.0,0.08,50.0,1.009,1.027,73934358.0,74747636,74747636,2026-08-24,2026-08-24 11:54:45+08:00
159761,新材料ETF国泰,0.799,0.7999,0.11,-0.015,-1.84,34236.0,2761134.6,0.818,0.82,0.797,0.814,2.83,1.73,0.72,-18.13,18355.0,15881.0,-395327.0,-14.32,0.0,0.0,-395327.0,-14.32,185392.0,6.71,209935.0,7.6,96.0,0.798,0.806,197734117.0,157989559,157989559,2026-08-24,2026-08-24 11:53:54+08:00
159239,港股通汽车ETF富国,0.797,0.795,-0.25,-0.015,-1.85,30793.0,2472021.0,0.811,0.812,0.794,0.812,2.22,3.47,0.63,33.44,12648.0,18145.0,-205418.0,-8.31,-16411.0,-0.66,-189007.0,-7.65,106328.0,4.3,99090.0,4.01,1.0,0.795,0.797,88780753.0,70758260,70758260,2026-08-24,2026-08-24 11:53:48+08:00
512650,长三角ETF汇添富,1.329,1.3298,0.06,-0.025,-1.85,11190.0,1501403.0,1.373,1.373,1.329,1.354,3.25,3.4,1.37,94.31,6001.0,5189.0,-5933.0,-0.4,0.0,0.0,-5933.0,-0.4,0.0,0.0,5933.0,0.4,-6.0,1.326,1.354,32941600.0,43779386,43779386,2026-08-24,2026-08-24 11:54:18+08:00
563300,中证2000ETF华泰柏瑞,1.38,1.3792,-0.06,-0.026,-1.85,2421204.0,336818978.0,1.404,1.414,1.374,1.406,2.84,5.7,0.97,78.67,944473.0,1476732.0,-18690802.0,-5.55,26720897.0,7.93,-45411699.0,-13.48,3629426.0,1.08,15061377.0,4.47,11.0,1.379,1.38,4246174000.0,5859720120,5859720120,2026-08-24,2026-08-24 11:53:46+08:00
561370,中证2000ETF国泰,1.372,1.3721,0.01,-0.026,-1.86,11811.0,1632356.0,1.398,1.405,1.366,1.398,2.79,3.65,1.51,0.64,1515.0,10296.0,-31640.0,-1.94,0.0,0.0,-31640.0,-1.94,6890.0,0.42,24749.0,1.52,-1.0,1.369,1.372,32356000.0,44392432,44392432,2026-08-24,2026-08-24 11:53:46+08:00
159386,A500ETF永赢,1.264,1.2702,0.49,-0.024,-1.86,82311.0,10502266.8,1.287,1.287,1.264,1.288,1.79,13.52,1.55,33.33,35554.0,46757.0,1035985.0,9.86,-2046996.0,-19.49,3082981.0,29.36,-1095240.0,-10.43,59256.0,0.56,-402.0,1.261,1.288,60869559.0,76939123,76939123,2026-08-24,2026-08-24 11:54:00+08:00
159129,化工ETF嘉实,1.057,1.0584,0.13,-0.02,-1.86,150710.0,16077469.4,1.079,1.085,1.053,1.077,2.97,1.29,1.73,48.95,52230.0,98480.0,772781.0,4.81,-953572.0,-5.93,1726353.0,10.74,-345649.0,-2.15,-427132.0,-2.66,-566.0,1.055,1.06,1165906592.0,1232363268,1232363268,2026-08-24,2026-08-24 11:54:21+08:00
159057,医疗器械ETF鹏华,0.998,0.9981,0.01,-0.019,-1.87,14192.0,1421600.72,1.013,1.013,0.995,1.017,1.77,4.21,1.15,-17.25,9755.0,4437.0,-174748.0,-12.29,0.0,0.0,-174748.0,-12.29,95072.0,6.69,79678.0,5.6,200.0,0.992,1.004,33715334.0,33647903,33647903,2026-08-24,2026-08-24 11:54:33+08:00
563200,中证2000ETF富国,1.47,1.4725,0.17,-0.028,-1.87,60869.0,9017541.0,1.498,1.506,1.464,1.498,2.8,10.59,1.28,4.93,25003.0,35866.0,795434.0,8.82,0.0,0.0,795434.0,8.82,-977991.0,-10.85,182558.0,2.02,4.0,1.468,1.472,57458800.0,84464436,84464436,2026-08-24,2026-08-24 11:53:54+08:00
517170,沪港深500ETF华夏,0.995,1.0002,0.52,-0.019,-1.87,2929.0,291773.0,1.014,1.014,0.995,1.014,1.87,1.82,0.77,-0.07,2669.0,260.0,-43023.0,-14.75,0.0,0.0,-43023.0,-14.75,0.0,0.0,43023.0,14.75,2500.0,0.993,0.996,16131800.0,16051141,16051141,2026-08-24,2026-08-24 11:53:55+08:00
520730,港股通汽车ETF万家,0.789,0.7915,0.32,-0.015,-1.87,7083.0,564320.0,0.804,0.804,0.789,0.804,1.87,0.6,0.51,-78.03,2162.0,4921.0,12497.0,2.21,0.0,0.0,12497.0,2.21,-51754.0,-9.17,39258.0,6.96,-302.0,0.785,0.798,118394400.0,93413182,93413182,2026-08-24,2026-08-24 11:54:11+08:00
159888,智能汽车ETF华夏,0.995,0.996,0.1,-0.019,-1.87,107686.0,10817729.5,1.016,1.021,0.993,1.014,2.76,15.29,1.06,60.89,64169.0,43517.0,956539.0,8.84,1789614.0,16.54,-833075.0,-7.7,-881973.0,-8.15,-74567.0,-0.69,-2.0,0.995,0.999,70446068.0,70093838,70093838,2026-08-24,2026-08-24 11:54:06+08:00
562660,中证2000ETF华夏,1.828,1.8291,0.06,-0.035,-1.88,189790.0,34921995.0,1.849,1.873,1.82,1.863,2.84,5.84,1.33,3.43,98600.0,91190.0,1287997.0,3.69,425664.0,1.22,862333.0,2.47,-201547.0,-0.58,-1086450.0,-3.11,-87.0,1.825,1.829,324874000.0,593869672,593869672,2026-08-24,2026-08-24 11:54:11+08:00
560690,电信ETF鹏华,2.144,2.1484,0.2,-0.041,-1.88,6558.0,1416450.0,2.188,2.207,2.142,2.185,2.97,3.1,0.39,-42.66,3248.0,3310.0,393675.0,27.79,-16847.0,-1.19,410522.0,28.98,-311164.0,-21.97,-82510.0,-5.83,100.0,2.142,2.148,21139000.0,45322016,45322016,2026-08-24,2026-08-24 11:53:58+08:00
512100,中证1000ETF南方,3.022,3.0209,-0.04,-0.058,-1.88,6241370.0,1900150258.0,3.075,3.09,3.012,3.08,2.53,9.5,1.07,-26.35,2860908.0,3380462.0,10144432.0,0.53,103279312.0,5.44,-93134880.0,-4.9,-63006415.0,-3.32,52862004.0,2.78,484.0,3.02,3.022,6571217664.0,19858219781,19858219781,2026-08-24,2026-08-24 11:54:07+08:00
510550,中证500ETF方正富邦,1.979,1.9793,0.02,-0.038,-1.88,3491.0,697103.0,2.017,2.017,1.975,2.017,2.08,1.47,0.89,96.36,1280.0,2211.0,-152997.0,-21.95,0.0,0.0,-152997.0,-21.95,-63151.0,-9.06,216148.0,31.01,1.0,1.976,2.006,23743300.0,46987991,46987991,2026-08-24,2026-08-24 11:54:20+08:00
561760,油气ETF博时,1.359,1.3615,0.18,-0.026,-1.88,29194.0,3988791.0,1.372,1.376,1.355,1.385,1.52,1.89,1.08,12.05,13275.0,15919.0,709985.0,17.8,0.0,0.0,709985.0,17.8,-460873.0,-11.55,-249112.0,-6.25,-6.0,1.356,1.365,154695000.0,210230505,210230505,2026-08-24,2026-08-24 11:53:48+08:00
516300,中证1000ETF华泰柏瑞,3.137,3.1369,0.0,-0.06,-1.88,17875.0,5633115.0,3.199,3.214,3.125,3.197,2.78,4.16,0.65,51.74,4065.0,13810.0,-92508.0,-1.64,0.0,0.0,-92508.0,-1.64,-638488.0,-11.33,730997.0,12.98,-16.0,3.132,3.165,43012600.0,134930526,134930526,2026-08-24,2026-08-24 11:54:21+08:00
159982,中证500ETF鹏华,2.076,2.0767,0.03,-0.04,-1.89,43382.0,9059685.2,2.114,2.12,2.068,2.116,2.46,2.21,0.95,28.12,19928.0,23454.0,-1295817.0,-14.3,0.0,0.0,-1295817.0,-14.3,-1027158.0,-11.34,2322975.0,25.64,44.0,2.07,2.077,196211253.0,407334561,407334561,2026-08-24,2026-08-24 11:53:30+08:00
159920,恒生ETF华夏,1.495,1.4973,0.15,-0.029,-1.9,1342402.0,201594189.5,1.513,1.516,1.494,1.524,1.44,2.32,1.7,-13.55,495656.0,846746.0,-16162778.0,-8.02,5065178.0,2.51,-21227956.0,-10.53,11060879.0,5.49,5101900.0,2.53,6.0,1.494,1.495,5779559168.0,8640440956,8640440956,2026-08-24,2026-08-24 11:54:03+08:00
516360,新材料ETF华宝,1.03,1.0305,0.05,-0.02,-1.9,10670.0,1104243.0,1.058,1.058,1.028,1.05,2.86,1.85,0.56,-51.35,4447.0,6223.0,-244395.0,-22.13,16709.0,1.51,-261104.0,-23.65,256354.0,23.22,-11959.0,-1.08,1.0,1.027,1.036,57551800.0,59278354,59278354,2026-08-24,2026-08-24 11:54:09+08:00
563010,电信ETF易方达,2.121,2.1227,0.08,-0.041,-1.9,25495.0,5451559.0,2.162,2.162,2.12,2.162,1.94,2.71,1.01,-36.34,12654.0,12841.0,-1245141.0,-22.84,75312.0,1.38,-1320453.0,-24.22,573098.0,10.51,672043.0,12.33,-2.0,2.12,2.123,94189300.0,199775505,199775505,2026-08-24,2026-08-24 11:54:13+08:00
562600,医疗器械ETF华夏,0.771,0.7736,0.34,-0.015,-1.91,175844.0,13624117.0,0.785,0.785,0.768,0.786,2.16,3.87,0.87,-15.8,50970.0,124874.0,670101.0,4.92,233979.0,1.72,436122.0,3.2,-870688.0,-6.39,200587.0,1.47,11.0,0.77,0.771,453937408.0,349985742,349985742,2026-08-24,2026-08-24 11:53:58+08:00
159797,医疗器械ETF汇添富,0.668,0.6678,-0.03,-0.013,-1.91,66871.0,4476128.3,0.679,0.68,0.665,0.681,2.2,1.72,1.52,21.12,26522.0,40349.0,-466782.0,-10.43,-566872.0,-12.66,100090.0,2.24,-170027.0,-3.8,636809.0,14.23,23.0,0.667,0.668,388989248.0,259844818,259844818,2026-08-24,2026-08-24 11:53:36+08:00
520720,港股汽车ETF国泰,0.765,0.7658,0.1,-0.015,-1.92,101266.0,7816373.0,0.778,0.78,0.765,0.78,1.92,8.3,1.05,48.1,40928.0,60338.0,22559.0,0.29,1251866.0,16.02,-1229307.0,-15.73,-46243.0,-0.59,23684.0,0.3,100.0,0.764,0.766,121942000.0,93285630,93285630,2026-08-24,2026-08-24 11:53:55+08:00
159629,中证1000ETF富国,3.114,3.1165,0.08,-0.061,-1.92,1735049.0,544849266.2,3.174,3.188,3.107,3.175,2.55,18.83,1.51,-5.16,802565.0,932484.0,-22041008.0,-4.05,-44722231.0,-8.21,22681223.0,4.16,17385706.0,3.19,4655304.0,0.85,-35.0,3.113,3.12,921252656.0,2868780771,2868780771,2026-08-24,2026-08-24 11:54:15+08:00
560110,中证1000ETF汇添富,1.122,1.122,0.0,-0.022,-1.92,221176.0,24971185.0,1.137,1.148,1.119,1.144,2.53,6.06,1.55,89.09,73067.0,148109.0,-2603887.0,-10.43,-96894.0,-0.39,-2506993.0,-10.04,1575355.0,6.31,1028532.0,4.12,12.0,1.121,1.122,364903504.0,409421731,409421731,2026-08-24,2026-08-24 11:53:54+08:00
159093,化工ETF汇添富,1.019,1.0227,0.36,-0.02,-1.92,55778.0,5727369.2,1.043,1.043,1.019,1.039,2.31,17.61,2.13,-82.47,26758.0,29020.0,-36263.0,-0.63,2137309.0,37.32,-2173572.0,-37.95,-293.0,-0.01,36554.0,0.64,-2.0,1.018,1.045,31681470.0,32283418,32283418,2026-08-24,2026-08-24 11:53:54+08:00
517030,沪港深300ETF易方达,1.123,1.1309,0.7,-0.022,-1.92,4466.0,505442.0,1.149,1.149,1.123,1.145,2.27,0.53,1.52,-83.33,117.0,4349.0,-33177.0,-6.56,0.0,0.0,-33177.0,-6.56,34366.0,6.8,-1189.0,-0.24,-100.0,1.124,1.125,84040300.0,94377257,94377257,2026-08-24,2026-08-24 11:54:09+08:00
513550,港股通50ETF华泰柏瑞,1.126,1.1242,-0.16,-0.022,-1.92,379177.0,42776727.0,1.153,1.153,1.123,1.148,2.61,2.25,1.36,-16.91,171955.0,207222.0,-544443.0,-1.27,-9776754.0,-22.86,9232311.0,21.58,644745.0,1.51,-100301.0,-0.23,44.0,1.124,1.126,1686992000.0,1899552992,1899552992,2026-08-24,2026-08-24 11:54:24+08:00
560500,500质量成长ETF鹏扬,1.369,1.3712,0.16,-0.027,-1.93,12118.0,1680377.0,1.381,1.396,1.369,1.396,1.93,0.41,1.28,-65.47,6482.0,5636.0,-81757.0,-4.87,0.0,0.0,-81757.0,-4.87,59842.0,3.56,21914.0,1.3,1.0,1.368,1.445,296339008.0,405688102,405688102,2026-08-24,2026-08-24 11:53:53+08:00
512500,中证500ETF华夏,4.364,4.3725,0.19,-0.086,-1.93,959657.0,421818723.0,4.45,4.456,4.351,4.45,2.36,5.26,1.5,-6.34,410225.0,549432.0,-12711419.0,-3.01,44458838.0,10.54,-57170257.0,-13.55,3179283.0,0.75,9532136.0,2.26,11.0,4.362,4.363,1823208800.0,7956483203,7956483203,2026-08-24,2026-08-24 11:54:15+08:00
159051,医疗器械ETF易方达,1.012,1.0141,0.21,-0.02,-1.94,6322.0,643479.615,1.028,1.03,1.008,1.032,2.13,0.7,0.34,34.03,2618.0,3704.0,-4733.0,-0.74,0.0,0.0,-4733.0,-0.74,-74909.0,-11.64,79642.0,12.38,86.0,1.009,1.024,90117894.0,91199309,91199309,2026-08-24,2026-08-24 11:54:30+08:00
159249,A500增强ETF工银,1.368,1.3689,0.07,-0.027,-1.94,89966.0,12376265.5,1.395,1.397,1.366,1.395,2.22,8.32,1.5,35.44,47528.0,42438.0,-2810494.0,-22.71,0.0,0.0,-2810494.0,-22.71,1659755.0,13.41,1150739.0,9.3,-378.0,1.367,1.37,108191923.0,148006551,148006551,2026-08-24,2026-08-24 11:54:03+08:00
159633,中证1000ETF易方达,3.188,3.1902,0.07,-0.063,-1.94,2398414.0,770257645.152,3.24,3.26,3.178,3.251,2.52,24.93,1.64,-41.13,1337309.0,1061105.0,-16834878.0,-2.19,-39384352.0,-5.11,22549474.0,2.93,11637078.0,1.51,5197800.0,0.67,-144.0,3.189,3.19,962162656.0,3067374547,3067374547,2026-08-24,2026-08-24 11:53:48+08:00
510590,中证500ETF平安,8.374,8.4,0.31,-0.166,-1.94,43157.0,36372395.0,8.538,8.551,8.345,8.54,2.41,3.53,27.01,6.59,13761.0,29396.0,22852127.0,62.83,22428049.0,61.66,424078.0,1.17,-22979406.0,-63.18,127278.0,0.35,-135.0,8.353,8.394,122386100.0,1024861201,1024861201,2026-08-24,2026-08-24 11:54:27+08:00
517010,沪港深500ETF易方达,1.111,1.1153,0.39,-0.022,-1.94,13483.0,1504826.0,1.165,1.167,1.111,1.133,4.94,1.73,1.54,-2.79,7413.0,6070.0,-158851.0,-10.56,0.0,0.0,-158851.0,-10.56,-99940.0,-6.64,258791.0,17.2,-919.0,1.111,1.112,78144200.0,86818206,86818206,2026-08-24,2026-08-24 11:54:20+08:00
513210,恒生ETF易方达,1.506,1.5102,0.28,-0.03,-1.95,21468.0,3243671.0,1.544,1.544,1.504,1.536,2.6,4.89,1.11,6.46,9158.0,12310.0,-786208.0,-24.24,0.0,0.0,-786208.0,-24.24,676720.0,20.86,109488.0,3.38,66.0,1.504,1.509,43942000.0,66176652,66176652,2026-08-24,2026-08-24 11:54:26+08:00
516190,传媒ETF华夏,0.953,0.9523,-0.07,-0.019,-1.95,59343.0,5696652.0,0.976,0.976,0.949,0.972,2.78,5.77,0.85,56.86,31054.0,28289.0,-79553.0,-1.4,3868.0,0.07,-83421.0,-1.46,-125851.0,-2.21,205404.0,3.61,328.0,0.952,0.954,102818500.0,97986031,97986031,2026-08-24,2026-08-24 11:54:15+08:00
560010,中证1000ETF广发,3.099,3.0997,0.02,-0.062,-1.96,1495853.0,467951444.0,3.158,3.173,3.091,3.161,2.59,8.0,0.8,-24.99,624972.0,870881.0,-3024495.0,-0.65,-10176352.0,-2.17,7151857.0,1.53,-4691734.0,-1.0,7716240.0,1.65,1285.0,3.097,3.099,1870621696.0,5797056636,5797056636,2026-08-24,2026-08-24 11:54:04+08:00
159728,在线消费ETF南方,0.752,0.7519,-0.01,-0.015,-1.96,67479.0,5122681.8,0.765,0.768,0.75,0.767,2.35,14.23,1.94,4.98,30843.0,36636.0,-649804.0,-12.68,756000.0,14.76,-1405804.0,-27.44,594413.0,11.6,55391.0,1.08,60.0,0.752,0.753,47410129.0,35652417,35652417,2026-08-24,2026-08-24 11:54:03+08:00
562520,中证1000成长ETF华夏,1.345,1.3492,0.31,-0.027,-1.97,45978.0,6258656.0,1.375,1.376,1.344,1.372,2.33,18.71,1.69,-1.75,12739.0,33239.0,-15556.0,-0.25,0.0,0.0,-15556.0,-0.25,-89740.0,-1.43,105296.0,1.68,-6.0,1.345,1.361,24568000.0,33043960,33043960,2026-08-24,2026-08-24 11:53:50+08:00
159902,中小100ETF华夏,4.517,4.5158,-0.03,-0.091,-1.97,11703.0,5328438.9,4.605,4.622,4.502,4.608,2.6,1.54,0.91,13.36,5554.0,6149.0,511612.0,9.6,0.0,0.0,511612.0,9.6,-794096.0,-14.9,282484.0,5.3,-3.0,4.51,4.517,75960849.0,343115155,343115155,2026-08-24,2026-08-24 11:54:21+08:00
561810,医疗器械ETF华泰柏瑞,0.993,0.9927,-0.03,-0.02,-1.97,36512.0,3636626.0,1.01,1.01,0.992,1.013,1.78,5.32,0.89,39.71,5452.0,31060.0,-950190.0,-26.13,620028.0,17.05,-1570218.0,-43.18,639143.0,17.58,311047.0,8.55,1.0,0.992,0.998,68638400.0,68157931,68157931,2026-08-24,2026-08-24 11:53:49+08:00
159795,智能汽车ETF汇添富,0.848,0.8492,0.14,-0.017,-1.97,10525.0,899858.4,0.865,0.88,0.846,0.865,3.93,3.74,1.09,-48.56,3207.0,7318.0,-37248.0,-4.14,0.0,0.0,-37248.0,-4.14,-8913.0,-0.99,46161.0,5.13,49.0,0.847,0.854,28169473.0,23887713,23887713,2026-08-24,2026-08-24 11:54:30+08:00
159126,港股通50ETF南方,0.941,0.9413,0.03,-0.019,-1.98,48275.0,4552343.098,0.959,0.959,0.941,0.96,1.88,2.12,1.67,-53.7,16789.0,31486.0,-49475.0,-1.09,123357.0,2.71,-172832.0,-3.8,48866.0,1.07,608.0,0.01,-3.0,0.941,0.943,227616546.0,214187170,214187170,2026-08-24,2026-08-24 11:54:12+08:00
560300,电信ETF汇添富,2.233,2.23,-0.13,-0.045,-1.98,21907.0,4925620.0,2.276,2.276,2.232,2.278,1.93,7.88,5.36,6.11,19581.0,2326.0,252235.0,5.12,882063.0,17.91,-629828.0,-12.79,-373355.0,-7.58,121120.0,2.46,-10.0,2.232,2.236,27803400.0,62084992,62084992,2026-08-24,2026-08-24 11:53:58+08:00
510900,恒生中国企业ETF易方达,1.041,1.0442,0.31,-0.021,-1.98,607379.0,63498890.0,1.053,1.054,1.04,1.062,1.32,1.88,1.1,17.44,278841.0,328538.0,-2880690.0,-4.54,-9576546.0,-15.08,6695856.0,10.54,2300347.0,3.62,580344.0,0.91,3000.0,1.041,1.042,3238021904.0,3370780802,3370780802,2026-08-24,2026-08-24 11:54:26+08:00
563750,中证500ETF汇添富,1.081,1.0788,-0.2,-0.022,-1.99,132902.0,14514147.0,1.113,1.113,1.077,1.103,3.26,3.97,2.3,-13.17,70065.0,62837.0,-2670848.0,-18.4,-4214878.0,-29.04,1544030.0,10.64,2309332.0,15.91,361516.0,2.49,5.0,1.077,1.081,334737008.0,361850706,361850706,2026-08-24,2026-08-24 11:53:59+08:00
561590,中证1000增强ETF华泰柏瑞,1.475,1.4771,0.14,-0.03,-1.99,33077.0,4909815.0,1.506,1.515,1.471,1.505,2.92,3.26,1.26,44.76,14110.0,18967.0,-645402.0,-13.15,0.0,0.0,-645402.0,-13.15,396703.0,8.08,248699.0,5.07,1000.0,1.473,1.495,101499600.0,149711910,149711910,2026-08-24,2026-08-24 11:53:45+08:00
512510,中证500ETF华泰柏瑞,2.313,2.317,0.17,-0.047,-1.99,38547.0,8987219.0,2.36,2.365,2.307,2.36,2.46,0.89,1.08,59.11,17010.0,21537.0,-1674481.0,-18.63,0.0,0.0,-1674481.0,-18.63,517477.0,5.76,1157004.0,12.87,1.0,2.308,2.315,433429808.0,1002523146,1002523146,2026-08-24,2026-08-24 11:53:58+08:00
159822,新经济ETF银华,0.591,0.6078,2.76,-0.012,-1.99,65489.0,3888969.2,0.602,0.603,0.591,0.603,1.99,2.22,1.49,19.17,13823.0,51666.0,-1986305.0,-51.08,-436821.0,-11.23,-1549484.0,-39.84,1554314.0,39.97,431991.0,11.11,-511.0,0.591,0.592,295634320.0,174719883,174719883,2026-08-24,2026-08-24 11:53:42+08:00
159966,创业板价值ETF华夏,0.54,0.5408,0.15,-0.011,-2.0,75541.0,4110667.3,0.551,0.552,0.54,0.551,2.18,1.18,0.93,19.65,39326.0,36215.0,-208237.0,-5.07,-449906.0,-10.94,241669.0,5.88,77791.0,1.89,130447.0,3.17,-2001.0,0.54,0.541,641999520.0,346679741,346679741,2026-08-24,2026-08-24 11:54:03+08:00
159028,港股汽车ETF天弘,0.784,0.7915,0.95,-0.016,-2.0,91112.0,7208026.88,0.8,0.8,0.784,0.8,2.0,7.26,2.96,-86.55,40192.0,50920.0,385703.0,5.35,0.0,0.0,385703.0,5.35,-353371.0,-4.9,-32332.0,-0.45,-1.0,0.784,0.785,125449016.0,98352029,98352029,2026-08-24,2026-08-24 11:54:27+08:00
515910,质量ETF中金,0.681,0.683,0.29,-0.014,-2.01,26498.0,1821481.0,0.695,0.7,0.681,0.695,2.73,1.16,1.37,-9.36,8282.0,18216.0,-300543.0,-16.5,-620711.0,-34.08,320168.0,17.58,202328.0,11.11,98215.0,5.39,-2.0,0.681,0.69,227507000.0,154932267,154932267,2026-08-24,2026-08-24 11:53:53+08:00
159788,港股通100ETF易方达,1.218,1.2192,0.1,-0.025,-2.01,58279.0,7125583.0,1.24,1.24,1.217,1.243,1.85,8.28,1.99,94.33,25538.0,32741.0,-301322.0,-4.23,0.0,0.0,-301322.0,-4.23,228193.0,3.2,73129.0,1.03,-347.0,1.218,1.219,70424965.0,85777607,85777607,2026-08-24,2026-08-24 11:54:21+08:00
513660,恒生ETF华夏,1.504,1.5059,0.13,-0.031,-2.02,186671.0,28164801.0,1.525,1.525,1.503,1.535,1.43,1.03,0.8,4.35,84326.0,102345.0,1499522.0,5.32,-3351913.0,-11.9,4851435.0,17.23,-2498377.0,-8.87,998854.0,3.55,1.0,1.503,1.504,1814000208.0,2728256313,2728256313,2026-08-24,2026-08-24 11:53:55+08:00
510500,中证500ETF南方,7.707,7.7072,0.0,-0.159,-2.02,2452926.0,1908570479.0,7.859,7.875,7.686,7.866,2.4,4.86,1.49,-47.37,846457.0,1606469.0,34936640.0,1.83,607031472.0,31.81,-572094832.0,-29.98,-135586463.0,-7.1,100649823.0,5.27,-10.0,7.701,7.707,5050968576.0,38927814815,38927814815,2026-08-24,2026-08-24 11:54:18+08:00
159500,中证500ETF富国,1.157,1.1574,0.03,-0.024,-2.03,80158.0,9335498.9,1.181,1.182,1.152,1.181,2.54,3.76,0.79,12.29,36234.0,43924.0,-1402364.0,-15.02,1867.0,0.02,-1404231.0,-15.04,409659.0,4.39,992705.0,10.63,26.0,1.155,1.156,213338865.0,246833067,246833067,2026-08-24,2026-08-24 11:54:00+08:00
159532,中证2000ETF易方达,1.594,1.5967,0.17,-0.033,-2.03,116853.0,18759157.1,1.627,1.635,1.588,1.627,2.89,6.89,0.84,-63.82,42593.0,74260.0,-2207230.0,-11.77,0.0,0.0,-2207230.0,-11.77,-2040361.0,-10.88,4247590.0,22.64,-1.0,1.594,1.597,169564791.0,270286277,270286277,2026-08-24,2026-08-24 11:53:51+08:00
159763,新材料ETF建信,0.724,0.7259,0.26,-0.015,-2.03,21516.0,1576278.462,0.739,0.746,0.722,0.739,3.25,2.4,0.76,81.28,9974.0,11542.0,89896.0,5.7,0.0,0.0,89896.0,5.7,-52895.0,-3.36,-37000.0,-2.35,-120.0,0.722,0.732,89707747.0,64948409,64948409,2026-08-24,2026-08-24 11:53:57+08:00
159523,沪深300成长ETF华夏,1.25,1.2455,-0.36,-0.026,-2.04,77527.0,9782625.5,1.276,1.276,1.248,1.276,2.19,11.31,2.15,70.51,43375.0,34152.0,-1024947.0,-10.48,0.0,0.0,-1024947.0,-10.48,509754.0,5.21,515193.0,5.27,-54.0,1.25,1.265,68517348.0,85646685,85646685,2026-08-24,2026-08-24 11:53:54+08:00
159680,中证1000增强ETF招商,1.633,1.6351,0.13,-0.034,-2.04,412996.0,67836342.612,1.669,1.677,1.628,1.667,2.94,4.04,1.01,40.67,220797.0,192199.0,-6792000.0,-10.01,-4679282.0,-6.9,-2112718.0,-3.11,4055463.0,5.98,2736537.0,4.03,2.0,1.633,1.635,1023438080.0,1671274385,1671274385,2026-08-24,2026-08-24 11:54:03+08:00
159679,中证1000增强ETF国泰,1.248,1.2484,0.03,-0.026,-2.04,28558.0,3591059.5,1.274,1.288,1.242,1.274,3.61,5.17,1.07,29.12,9969.0,18589.0,132775.0,3.7,0.0,0.0,132775.0,3.7,-353667.0,-9.85,220892.0,6.15,5.0,1.243,1.249,55289156.0,69000867,69000867,2026-08-24,2026-08-24 11:54:12+08:00
513600,恒生指数ETF南方,2.771,2.7731,0.08,-0.058,-2.05,334001.0,92776055.0,2.806,2.806,2.768,2.829,1.34,5.48,1.75,-22.19,142100.0,191901.0,6873994.0,7.41,4212525.0,4.54,2661469.0,2.87,-9809358.0,-10.57,2935364.0,3.16,73.0,2.77,2.772,609829504.0,1689837556,1689837556,2026-08-24,2026-08-24 11:54:14+08:00
159820,中证500ETF天弘,1.337,1.3415,0.34,-0.028,-2.05,55769.0,7529196.1,1.368,1.368,1.334,1.365,2.49,0.41,1.45,-13.96,24353.0,31416.0,-603391.0,-8.01,0.0,0.0,-603391.0,-8.01,397031.0,5.27,206360.0,2.74,500.0,1.336,1.341,1356408464.0,1813518116,1813518116,2026-08-24,2026-08-24 11:54:30+08:00
515250,智能汽车ETF富国,0.906,0.907,0.11,-0.019,-2.05,110141.0,10114101.0,0.922,0.931,0.904,0.925,2.92,3.23,1.16,56.11,59153.0,50988.0,475984.0,4.71,0.0,0.0,475984.0,4.71,-753358.0,-7.45,277373.0,2.74,-1.0,0.905,0.907,340944496.0,308895713,308895713,2026-08-24,2026-08-24 11:54:08+08:00
159186,港股通汽车ETF鹏华,0.761,0.7607,-0.04,-0.016,-2.06,47746.0,3650611.1,0.776,0.776,0.761,0.777,1.93,5.63,2.1,-69.14,21475.0,26271.0,-213863.0,-5.86,0.0,0.0,-213863.0,-5.86,242381.0,6.64,-28517.0,-0.78,-1806.0,0.761,0.762,84869245.0,64585495,64585495,2026-08-24,2026-08-24 11:54:36+08:00
562390,中药ETF银华,0.856,0.8571,0.13,-0.018,-2.06,17324.0,1488013.0,0.873,0.873,0.852,0.874,2.4,2.18,1.34,59.52,6686.0,10638.0,-276299.0,-18.57,-275603.0,-18.52,-696.0,-0.05,-23437.0,-1.58,299736.0,20.14,-7.0,0.856,0.858,79429000.0,67991224,67991224,2026-08-24,2026-08-24 11:53:54+08:00
159066,A股ETF建信,0.902,0.903,0.11,-0.019,-2.06,6624.0,601002.0,0.921,0.921,0.901,0.921,2.17,0.31,0.21,31.73,2693.0,3931.0,-101122.0,-16.83,0.0,0.0,-101122.0,-16.83,74019.0,12.32,27103.0,4.51,-20.0,0.902,0.903,212733027.0,191885190,191885190,2026-08-24,2026-08-24 11:54:42+08:00
159711,港股通50ETF华夏,1.331,1.3291,-0.14,-0.028,-2.06,613803.0,81826245.9,1.346,1.348,1.329,1.359,1.4,201.48,3.28,-76.74,301690.0,312113.0,6179374.0,7.55,0.0,0.0,6179374.0,7.55,-5525685.0,-6.75,-653689.0,-0.8,-1000.0,1.33,1.332,30465157.0,40549124,40549124,2026-08-24,2026-08-24 11:53:54+08:00
159891,医疗ETF建信,0.38,0.3795,-0.13,-0.008,-2.06,181358.0,6908357.8,0.388,0.389,0.377,0.388,3.09,5.26,1.16,67.24,60092.0,121266.0,-549139.0,-7.95,92893.0,1.34,-642032.0,-9.29,255324.0,3.7,293814.0,4.25,40.0,0.378,0.38,345024832.0,131109436,131109436,2026-08-24,2026-08-24 11:54:12+08:00
159505,国证2000ETF博时,1.564,1.5625,-0.1,-0.033,-2.07,4815.0,755213.1,1.601,1.601,1.555,1.597,2.88,2.52,0.34,1.99,3708.0,1107.0,-565851.0,-74.93,0.0,0.0,-565851.0,-74.93,556567.0,73.7,9285.0,1.23,1.0,1.558,1.562,19104786.0,29879885,29879885,2026-08-24,2026-08-24 11:53:39+08:00
159703,新材料ETF天弘,0.899,0.8994,0.04,-0.019,-2.07,10725.0,977464.4,0.919,0.923,0.896,0.918,2.94,1.86,0.45,-27.23,4853.0,5872.0,-68403.0,-7.0,513519.0,52.54,-581922.0,-59.53,39559.0,4.05,28844.0,2.95,20.0,0.898,0.901,57781591.0,51945650,51945650,2026-08-24,2026-08-24 11:53:57+08:00
159121,港股通汽车ETF易方达,0.756,0.757,0.13,-0.016,-2.07,154722.0,11800775.68,0.77,0.771,0.755,0.772,2.07,10.64,0.9,-3.06,54472.0,100249.0,-1529926.0,-12.96,464100.0,3.93,-1994026.0,-16.9,1293275.0,10.96,236651.0,2.01,-5.0,0.756,0.757,145481127.0,109983732,109983732,2026-08-24,2026-08-24 11:54:30+08:00
159521,国证2000ETF平安,1.233,1.236,0.24,-0.026,-2.07,7887.0,984930.0,1.26,1.262,1.231,1.259,2.46,4.32,0.51,8.5,3052.0,4835.0,96634.0,9.81,0.0,0.0,96634.0,9.81,-77932.0,-7.91,-18702.0,-1.9,2.0,1.233,1.237,18274435.0,22532378,22532378,2026-08-24,2026-08-24 11:54:09+08:00
159907,国证2000ETF广发,1.043,1.0455,0.24,-0.022,-2.07,68184.0,7198996.9,1.063,1.068,1.04,1.065,2.63,3.94,2.02,13.0,27496.0,40688.0,-152079.0,-2.11,-118687.0,-1.65,-33392.0,-0.46,225137.0,3.13,-73059.0,-1.01,-3.0,1.043,1.044,173197694.0,180645195,180645195,2026-08-24,2026-08-24 11:54:12+08:00
520600,港股通汽车ETF广发,1.036,1.0389,0.28,-0.022,-2.08,543222.0,56791469.0,1.058,1.058,1.036,1.058,2.08,21.83,0.82,-32.26,227961.0,315261.0,-545649.0,-0.96,-2869925.0,-5.05,2324276.0,4.09,-296127.0,-0.52,841776.0,1.48,-383.0,1.036,1.037,248868000.0,257827248,257827248,2026-08-24,2026-08-24 11:53:52+08:00
516610,医疗设备ETF大成,0.424,0.425,0.24,-0.009,-2.08,86979.0,3709412.0,0.432,0.433,0.423,0.433,2.31,3.7,1.39,56.64,17159.0,69820.0,-542491.0,-14.62,-41773.0,-1.13,-500718.0,-13.5,320724.0,8.65,221767.0,5.98,-68.0,0.423,0.425,234974800.0,99629315,99629315,2026-08-24,2026-08-24 11:54:04+08:00
159318,恒指港股通ETF银华,1.311,1.3136,0.2,-0.028,-2.09,3943.0,517559.2,1.318,1.337,1.311,1.339,1.94,2.7,1.43,96.9,1820.0,2123.0,-171640.0,-33.16,0.0,0.0,-171640.0,-33.16,168264.0,32.51,3376.0,0.65,-296.0,1.311,1.312,14601647.0,19142759,19142759,2026-08-24,2026-08-24 11:54:06+08:00
516560,养老ETF华宝,0.749,0.7515,0.33,-0.016,-2.09,28848.0,2177779.0,0.763,0.763,0.748,0.765,1.96,1.4,1.61,-65.54,7053.0,21795.0,-78665.0,-3.61,-272398.0,-12.51,193733.0,8.9,-274141.0,-12.59,352806.0,16.2,-5.0,0.749,0.752,206758000.0,154861742,154861742,2026-08-24,2026-08-24 11:54:12+08:00
510530,中证500ETF工银,8.664,8.6705,0.07,-0.186,-2.1,3335.0,2913555.0,8.844,8.85,8.64,8.85,2.37,0.71,0.78,33.07,2370.0,965.0,-1532484.0,-52.6,0.0,0.0,-1532484.0,-52.6,1077523.0,36.98,454961.0,15.62,2.0,8.648,8.686,46979400.0,407029522,407029522,2026-08-24,2026-08-24 11:54:13+08:00
159922,中证500ETF嘉实,3.127,3.1267,-0.01,-0.067,-2.1,1085200.0,342811277.622,3.188,3.196,3.12,3.194,2.38,3.97,1.87,3.26,474086.0,611114.0,71463586.0,20.85,40622535.0,11.85,30841051.0,9.0,-7855613.0,-2.29,-63607973.0,-18.55,-11.0,3.125,3.127,2732676768.0,8545080254,8545080254,2026-08-24,2026-08-24 11:54:03+08:00
561090,A500增强ETF华安,1.213,1.2114,-0.13,-0.026,-2.1,52296.0,6361356.0,1.239,1.239,1.208,1.239,2.5,2.46,0.71,29.68,28241.0,24055.0,-455985.0,-7.17,1138940.0,17.9,-1594925.0,-25.07,255853.0,4.02,200134.0,3.15,10.0,1.212,1.216,212974000.0,258337462,258337462,2026-08-24,2026-08-24 11:54:17+08:00
159323,港股通汽车ETF华夏,1.068,1.0674,-0.06,-0.023,-2.11,1057438.0,113754313.82,1.089,1.092,1.068,1.091,2.2,108.9,1.13,-43.32,471901.0,585537.0,35312.0,0.03,-514442.0,-0.45,549754.0,0.48,-127815.0,-0.11,92501.0,0.08,165.0,1.067,1.068,97097378.0,103700000,103700000,2026-08-24,2026-08-24 11:54:12+08:00
159337,中证500ETF东财,1.762,1.7656,0.2,-0.038,-2.11,47904.0,8509981.4,1.795,1.805,1.758,1.8,2.61,1.71,0.83,25.06,24176.0,23728.0,-2196635.0,-25.81,0.0,0.0,-2196635.0,-25.81,184730.0,2.17,2011905.0,23.64,-48.0,1.762,1.767,279710608.0,492850091,492850091,2026-08-24,2026-08-24 11:53:42+08:00
516790,医疗ETF华泰柏瑞,0.51,0.5114,0.27,-0.011,-2.11,81757.0,4182021.0,0.52,0.52,0.509,0.521,2.11,4.41,2.13,-64.77,39146.0,42611.0,-157769.0,-3.77,-416504.0,-9.96,258735.0,6.19,86477.0,2.07,71293.0,1.7,1.0,0.509,0.51,185282200.0,94493922,94493922,2026-08-24,2026-08-24 11:54:03+08:00
561780,1000增强ETF博时,1.528,1.5273,-0.05,-0.033,-2.11,11510.0,1769153.0,1.559,1.565,1.521,1.561,2.82,5.39,0.81,1.29,7373.0,4137.0,-129514.0,-7.32,0.0,0.0,-129514.0,-7.32,-45369.0,-2.56,174883.0,9.89,66.0,1.524,1.528,21355800.0,32631662,32631662,2026-08-24,2026-08-24 11:53:52+08:00
520820,恒指港股通ETF汇添富,0.928,0.9315,0.38,-0.02,-2.11,10299.0,963338.0,0.963,0.964,0.928,0.948,3.8,1.73,1.3,28.3,6336.0,3963.0,-225248.0,-23.38,0.0,0.0,-225248.0,-23.38,63435.0,6.58,161812.0,16.8,-91.0,0.927,0.938,59682000.0,55384896,55384896,2026-08-24,2026-08-24 11:53:55+08:00
159805,传媒ETF鹏华,1.108,1.1078,-0.02,-0.024,-2.12,134281.0,15009538.8,1.132,1.133,1.103,1.132,2.65,5.45,0.79,-7.83,74654.0,59627.0,1912687.0,12.74,-145012.0,-0.97,2057699.0,13.71,-2457538.0,-16.37,544850.0,3.63,2.0,1.106,1.108,246452480.0,273069348,273069348,2026-08-24,2026-08-24 11:53:54+08:00
159899,软件ETF招商,0.688,0.6869,-0.16,-0.015,-2.13,234694.0,16236939.6,0.702,0.702,0.685,0.703,2.42,2.43,1.15,45.51,64022.0,170672.0,751386.0,4.63,2023100.0,12.46,-1271714.0,-7.83,664459.0,4.09,-1415844.0,-8.72,23.0,0.686,0.688,964977728.0,663904677,663904677,2026-08-24,2026-08-24 11:53:39+08:00
159725,线上消费ETF工银,0.736,0.7371,0.15,-0.016,-2.13,34215.0,2537009.2,0.752,0.754,0.733,0.752,2.79,2.71,0.88,80.21,13484.0,20731.0,-580571.0,-22.88,518747.0,20.45,-1099318.0,-43.33,287058.0,11.31,293513.0,11.57,1.0,0.735,0.736,126424924.0,93048744,93048744,2026-08-24,2026-08-24 11:54:00+08:00
515530,中证500ETF泰康,4.245,4.255,0.24,-0.093,-2.14,13025.0,5588653.0,4.295,4.301,4.245,4.338,1.29,10.64,4.13,-85.39,7835.0,5190.0,339538.0,6.08,0.0,0.0,339538.0,6.08,-368087.0,-6.59,28548.0,0.51,-163.0,4.228,4.335,12242700.0,51970262,51970262,2026-08-24,2026-08-24 11:54:06+08:00
562930,软件ETF易方达,0.687,0.6875,0.07,-0.015,-2.14,489411.0,33816910.0,0.7,0.702,0.685,0.702,2.42,2.83,0.75,73.52,206859.0,282552.0,-7231726.0,-21.38,-7628508.0,-22.56,396782.0,1.17,3649465.0,10.79,3582260.0,10.59,288.0,0.686,0.688,1731437008.0,1189497224,1189497224,2026-08-24,2026-08-24 11:54:06+08:00
561950,中证500增强ETF招商,1.364,1.3644,0.03,-0.03,-2.15,37328.0,5130727.0,1.398,1.398,1.362,1.394,2.58,5.17,1.63,-92.05,14764.0,22564.0,-512061.0,-9.98,0.0,0.0,-512061.0,-9.98,500848.0,9.76,11214.0,0.22,-1309.0,1.36,1.373,72156000.0,98420784,98420784,2026-08-24,2026-08-24 11:54:02+08:00
510580,中证500ETF易方达,4.056,4.0594,0.08,-0.089,-2.15,273714.0,111911792.0,4.146,4.147,4.043,4.145,2.51,2.45,1.54,-87.41,123897.0,149817.0,-13091729.0,-11.7,-3736845.0,-3.34,-9354884.0,-8.36,8637823.0,7.72,4453906.0,3.98,40.0,4.055,4.057,1116568304.0,4528801041,4528801041,2026-08-24,2026-08-24 11:54:27+08:00
560390,电网设备ETF易方达,0.866,0.8652,-0.09,-0.019,-2.15,722307.0,62895874.0,0.885,0.886,0.862,0.885,2.71,3.56,1.14,9.53,280027.0,442280.0,-8882321.0,-14.12,-3976396.0,-6.32,-4905925.0,-7.8,2748285.0,4.37,6134035.0,9.75,20.0,0.865,0.866,2031258000.0,1759069428,1759069428,2026-08-24,2026-08-24 11:54:14+08:00
561350,中证500ETF国泰,1.223,1.2258,0.23,-0.027,-2.16,159466.0,19750786.0,1.239,1.262,1.22,1.25,3.36,21.64,1.38,5.63,86078.0,73388.0,-1806496.0,-9.15,-113077.0,-0.57,-1693419.0,-8.57,1867524.0,9.46,-61028.0,-0.31,-200.0,1.221,1.226,73700000.0,90135100,90135100,2026-08-24,2026-08-24 11:54:11+08:00
159590,软件ETF汇添富,0.859,0.8592,0.02,-0.019,-2.16,324114.0,28017948.7,0.876,0.877,0.857,0.878,2.28,4.13,1.06,46.64,108518.0,215596.0,-4761428.0,-16.99,-3279815.0,-11.71,-1481613.0,-5.29,1854434.0,6.62,2906993.0,10.38,40.0,0.858,0.859,784361744.0,673766738,673766738,2026-08-24,2026-08-24 11:53:51+08:00
159960,恒生中国企业ETF平安,0.857,0.8675,1.21,-0.019,-2.17,602161.0,51905324.5,0.876,0.876,0.857,0.876,2.17,114.54,30.59,-73.99,218895.0,383266.0,-65142.0,-0.13,-4172008.0,-8.04,4106866.0,7.91,105807.0,0.2,-40665.0,-0.08,-3027.0,0.856,0.858,52573960.0,45055884,45055884,2026-08-24,2026-08-24 11:54:03+08:00
159552,中证2000增强ETF招商,2.197,2.1985,0.07,-0.049,-2.18,361620.0,80149293.133,2.233,2.26,2.19,2.246,3.12,5.95,0.89,2.44,163359.0,198261.0,-3994954.0,-4.98,-3480887.0,-4.34,-514067.0,-0.64,-1805178.0,-2.25,5800132.0,7.24,-18.0,2.196,2.199,607790320.0,1335315333,1335315333,2026-08-24,2026-08-24 11:54:09+08:00
159845,中证1000ETF华夏,3.098,3.1007,0.09,-0.069,-2.18,4354053.0,1361844049.914,3.167,3.174,3.093,3.167,2.56,20.15,1.35,-26.2,2106053.0,2248000.0,-33287152.0,-2.44,-45993744.0,-3.38,12706592.0,0.93,22323261.0,1.64,10963884.0,0.81,-1001.0,3.098,3.099,2160425600.0,6692998509,6692998509,2026-08-24,2026-08-24 11:53:51+08:00
159901,深证100ETF易方达,3.589,3.5865,-0.07,-0.08,-2.18,804788.0,292168406.93,3.67,3.678,3.578,3.669,2.73,8.34,1.61,98.51,375589.0,429199.0,-2313042.0,-0.79,4967866.0,1.7,-7280908.0,-2.49,-4343524.0,-1.49,6656566.0,2.28,15.0,3.583,3.589,965234928.0,3464228157,3464228157,2026-08-24,2026-08-24 11:53:42+08:00
159793,线上消费ETF平安,0.764,0.7602,-0.5,-0.017,-2.18,8968.0,686544.5,0.775,0.779,0.76,0.781,2.43,2.05,1.49,17.85,2339.0,6629.0,-384076.0,-55.94,0.0,0.0,-384076.0,-55.94,297908.0,43.39,86169.0,12.55,10.0,0.761,0.764,43758908.0,33431806,33431806,2026-08-24,2026-08-24 11:54:09+08:00
159555,中证2000增强ETF银华,1.705,1.708,0.18,-0.038,-2.18,7665.0,1320606.5,1.742,1.751,1.698,1.743,3.04,2.05,0.43,26.28,4507.0,3158.0,-320012.0,-24.23,0.0,0.0,-320012.0,-24.23,-239617.0,-18.14,559629.0,42.38,8.0,1.702,1.706,37462705.0,63873912,63873912,2026-08-24,2026-08-24 11:54:36+08:00
159506,港股通创新药医疗ETF富国,1.292,1.2943,0.18,-0.029,-2.2,2294755.0,298863855.4,1.329,1.338,1.283,1.321,4.16,9.13,0.89,-21.67,1042577.0,1252178.0,-4660938.0,-1.56,-1671804.0,-0.56,-2989134.0,-1.0,742116.0,0.25,3918822.0,1.31,87.0,1.291,1.292,2512536976.0,3246197773,3246197773,2026-08-24,2026-08-24 11:53:42+08:00
159656,沪深300成长ETF万家,1.199,1.2007,0.14,-0.027,-2.2,61109.0,7398185.6,1.228,1.228,1.197,1.226,2.53,2.68,1.11,35.17,18104.0,43005.0,277202.0,3.75,0.0,0.0,277202.0,3.75,124610.0,1.68,-401812.0,-5.43,17.0,1.196,1.22,228238451.0,273657903,273657903,2026-08-24,2026-08-24 11:54:15+08:00
159975,深100ETF招商,0.754,0.7543,0.04,-0.017,-2.2,14085.0,1068117.8,0.767,0.767,0.753,0.771,1.82,2.85,0.96,96.8,2091.0,11994.0,-58236.0,-5.45,0.0,0.0,-58236.0,-5.45,0.0,0.0,58236.0,5.45,-1600.0,0.753,0.763,49437760.0,37276071,37276071,2026-08-24,2026-08-24 11:54:27+08:00
159898,医疗器械ETF招商,0.487,0.4899,0.59,-0.011,-2.21,148240.0,7262769.6,0.497,0.501,0.486,0.498,3.01,1.65,0.76,55.47,57749.0,90491.0,-487277.0,-6.71,835540.0,11.5,-1322817.0,-18.21,654369.0,9.01,-167091.0,-2.3,-30.0,0.487,0.488,896098832.0,436400131,436400131,2026-08-24,2026-08-24 11:54:09+08:00
516710,新材料ETF华夏,0.751,0.7522,0.16,-0.017,-2.21,18250.0,1383567.0,0.763,0.769,0.748,0.768,2.73,2.39,0.86,-82.76,8245.0,10005.0,-181655.0,-13.13,15020.0,1.09,-196675.0,-14.22,155071.0,11.21,26584.0,1.92,-200.0,0.75,0.755,76272000.0,57280272,57280272,2026-08-24,2026-08-24 11:53:54+08:00
159068,软件ETF华夏,0.969,0.9707,0.18,-0.022,-2.22,28881.0,2811049.567,0.997,0.997,0.967,0.991,3.03,4.42,0.88,-49.21,6745.0,22136.0,90628.0,3.22,168519.0,5.99,-77891.0,-2.77,-304226.0,-10.82,213599.0,7.6,-121.0,0.968,0.972,65336570.0,63311136,63311136,2026-08-24,2026-08-24 11:54:39+08:00
512980,传媒ETF广发,0.791,0.7911,0.01,-0.018,-2.22,1370792.0,109309814.0,0.809,0.81,0.788,0.809,2.72,2.86,0.89,5.2,465680.0,905112.0,-10310423.0,-9.43,-9508868.0,-8.7,-801555.0,-0.73,3608662.0,3.3,6701760.0,6.13,25.0,0.79,0.791,4796924416.0,3794367213,3794367213,2026-08-24,2026-08-24 11:54:04+08:00
159852,软件ETF嘉实,0.66,0.6595,-0.08,-0.015,-2.22,4455865.0,295407320.419,0.672,0.674,0.658,0.675,2.37,3.2,1.0,43.16,1441256.0,3014609.0,-73745100.0,-24.96,-71133061.0,-24.08,-2612039.0,-0.88,44216469.0,14.97,29528631.0,10.0,749.0,0.659,0.66,13942624000.0,9202131840,9202131840,2026-08-24,2026-08-24 11:53:54+08:00
159935,中证500ETF景顺,2.42,2.434,0.58,-0.055,-2.22,3874.0,943809.1,2.474,2.476,2.42,2.475,2.26,1.46,0.82,-71.43,1519.0,2355.0,137340.0,14.55,0.0,0.0,137340.0,14.55,-168377.0,-17.84,31038.0,3.29,1.0,2.401,2.475,26572956.0,64306554,64306554,2026-08-24,2026-08-24 11:54:12+08:00
159968,中证500ETF博时,10.069,10.1151,0.46,-0.231,-2.24,6505.0,6608502.5,10.287,10.295,10.053,10.3,2.35,1.01,0.98,0.5,3081.0,3424.0,1338639.0,20.26,0.0,0.0,1338639.0,20.26,-1681812.0,-25.45,343174.0,5.19,-24.0,10.068,10.097,64495098.0,649401142,649401142,2026-08-24,2026-08-24 11:54:09+08:00
159883,医疗器械ETF永赢,0.435,0.4353,0.07,-0.01,-2.25,1866178.0,81709077.944,0.443,0.444,0.434,0.445,2.25,2.06,1.59,49.96,610809.0,1255369.0,-3909189.0,-4.78,-2850443.0,-3.49,-1058746.0,-1.3,3529880.0,4.32,379309.0,0.46,-150.0,0.435,0.436,9058037760.0,3940246426,3940246426,2026-08-24,2026-08-24 11:53:54+08:00
561280,中证1000增强ETF工银,1.565,1.5655,0.03,-0.036,-2.25,38794.0,6123920.0,1.586,1.606,1.562,1.601,2.75,4.57,2.05,7.16,18422.0,20372.0,-1664211.0,-27.18,0.0,0.0,-1664211.0,-27.18,1350492.0,22.05,313720.0,5.12,20.0,1.564,1.565,84847700.0,132786651,132786651,2026-08-24,2026-08-24 11:54:10+08:00
560220,中证2000ETF广发,1.392,1.3918,-0.01,-0.032,-2.25,29835.0,4203657.0,1.41,1.424,1.388,1.424,2.53,4.68,0.82,23.63,15547.0,14288.0,-982272.0,-23.37,0.0,0.0,-982272.0,-23.37,686147.0,16.32,296126.0,7.04,-100.0,1.392,1.394,63717000.0,88694064,88694064,2026-08-24,2026-08-24 11:54:01+08:00
516820,医疗创新ETF平安,0.348,0.3456,-0.69,-0.008,-2.25,880194.0,30869176.0,0.356,0.356,0.346,0.356,2.81,1.94,0.92,44.86,291849.0,588345.0,-5229250.0,-16.94,-8291371.0,-26.86,3062121.0,9.92,3628234.0,11.75,1601017.0,5.19,17.0,0.347,0.348,4541415168.0,1580412478,1580412478,2026-08-24,2026-08-24 11:54:12+08:00
159912,深300ETF汇添富,1.903,1.9021,-0.05,-0.044,-2.26,8636.0,1656962.8,1.945,1.945,1.9,1.947,2.31,1.31,2.07,-40.72,2133.0,6503.0,-149531.0,-9.02,0.0,0.0,-149531.0,-9.02,98095.0,5.92,51437.0,3.1,50.0,1.899,1.922,65948991.0,125500930,125500930,2026-08-24,2026-08-24 11:54:00+08:00
561550,中证500增强ETF华泰柏瑞,1.387,1.3862,-0.06,-0.032,-2.26,242269.0,33862986.0,1.414,1.422,1.382,1.419,2.82,1.9,1.02,-8.11,104663.0,137606.0,-8350377.0,-24.66,1449802.0,4.28,-9800179.0,-28.94,6148151.0,18.16,2202226.0,6.5,-623.0,1.385,1.388,1277989600.0,1772571575,1772571575,2026-08-24,2026-08-24 11:54:04+08:00
516890,新材料ETF平安,0.777,0.7782,0.15,-0.018,-2.26,1928.0,150940.0,0.792,0.798,0.775,0.795,2.89,0.58,0.59,67.09,332.0,1596.0,1857.0,1.23,0.0,0.0,1857.0,1.23,317.0,0.21,-2175.0,-1.44,-10.0,0.775,0.799,33311400.0,25882958,25882958,2026-08-24,2026-08-24 11:54:12+08:00
563030,中证500增强ETF易方达,1.552,1.5558,0.24,-0.036,-2.27,15007.0,2349240.0,1.588,1.589,1.55,1.588,2.46,1.18,0.6,60.27,3595.0,11412.0,772606.0,32.89,0.0,0.0,772606.0,32.89,-412386.0,-17.55,-360220.0,-15.33,-1.0,1.552,1.565,127169000.0,197366288,197366288,2026-08-24,2026-08-24 11:53:50+08:00
159531,中证2000ETF南方,1.412,1.4115,-0.04,-0.033,-2.28,865766.0,123098975.983,1.441,1.45,1.406,1.445,3.04,9.05,1.22,14.05,339878.0,525888.0,-3264721.0,-2.65,3579829.0,2.91,-6844550.0,-5.56,1888382.0,1.53,1376339.0,1.12,-37.0,1.412,1.414,956608400.0,1350731061,1350731061,2026-08-24,2026-08-24 11:53:48+08:00
562920,信息安全ETF易方达,0.895,0.8948,-0.02,-0.021,-2.29,32815.0,2957512.0,0.923,0.923,0.893,0.916,3.28,3.6,0.81,-33.53,12929.0,19886.0,-122686.0,-4.15,0.0,0.0,-122686.0,-4.15,-60672.0,-2.05,183359.0,6.2,6.0,0.894,0.895,91069000.0,81506755,81506755,2026-08-24,2026-08-24 11:53:51+08:00
159712,港股通50ETF国泰,1.236,1.2374,0.11,-0.029,-2.29,84417.0,10462374.5,1.25,1.25,1.235,1.265,1.19,9.96,1.8,-98.79,46304.0,38113.0,-424156.0,-4.05,-1242000.0,-11.87,817844.0,7.82,378991.0,3.62,45164.0,0.43,-1000.0,1.236,1.237,84778813.0,104786613,104786613,2026-08-24,2026-08-24 11:54:03+08:00
561980,半导体设备ETF招商,0.682,0.6828,0.12,-0.016,-2.29,3242553.0,224253783.0,0.698,0.703,0.677,0.698,3.72,3.89,1.07,10.46,1334480.0,1908073.0,-15388219.0,-6.86,-3288858.0,-1.47,-12099361.0,-5.4,4096988.0,1.83,11291231.0,5.04,-2138.0,0.683,0.684,8340549888.0,5688255024,5688255024,2026-08-24,2026-08-24 11:54:01+08:00
515750,科技50ETF富国,1.997,2.0011,0.2,-0.047,-2.3,40595.0,8169762.0,2.044,2.049,1.993,2.044,2.74,1.54,1.39,30.06,23847.0,16748.0,-421889.0,-5.16,134837.0,1.65,-556726.0,-6.81,-307917.0,-3.77,729805.0,8.93,1030.0,1.996,2.009,264140500.0,527488579,527488579,2026-08-24,2026-08-24 11:54:06+08:00
560360,软件ETF万家,1.192,1.193,0.08,-0.028,-2.3,43299.0,5204196.0,1.218,1.22,1.191,1.22,2.38,1.94,1.37,-34.66,14053.0,29246.0,-2500967.0,-48.06,-2085517.0,-40.07,-415450.0,-7.98,1986954.0,38.18,514013.0,9.88,168.0,1.192,1.197,223345000.0,266227240,266227240,2026-08-24,2026-08-24 11:53:53+08:00
159219,深证100ETF融通,1.356,1.3538,-0.16,-0.032,-2.31,5583.0,761485.2,1.376,1.379,1.356,1.388,1.66,6.66,0.7,7.69,2789.0,2794.0,-103073.0,-13.54,0.0,0.0,-103073.0,-13.54,79194.0,10.4,23881.0,3.14,-1100.0,1.348,1.387,8388018.0,11374152,11374152,2026-08-24,2026-08-24 11:54:36+08:00
159536,中证2000ETF汇添富,1.354,1.3539,-0.01,-0.032,-2.31,35694.0,4903360.3,1.383,1.39,1.35,1.386,2.89,7.89,0.69,70.12,12963.0,22731.0,84030.0,1.71,0.0,0.0,84030.0,1.71,-366548.0,-7.48,282517.0,5.76,-9.0,1.354,1.356,45261589.0,61284192,61284192,2026-08-24,2026-08-24 11:53:57+08:00
159326,电网设备ETF华夏,1.648,1.6481,0.01,-0.039,-2.31,1691033.0,280419926.5,1.682,1.683,1.641,1.687,2.49,1.37,0.74,19.6,691443.0,999590.0,-41488180.0,-14.8,-4298893.0,-1.53,-37189287.0,-13.26,13605732.0,4.85,27882447.0,9.94,5.0,1.647,1.648,12343265536.0,20341701603,20341701603,2026-08-24,2026-08-24 11:54:39+08:00
517770,游戏传媒ETF浦银,0.847,0.846,-0.12,-0.02,-2.31,82998.0,7085606.0,0.868,0.869,0.845,0.867,2.77,4.94,2.23,43.05,19948.0,63050.0,-1910757.0,-26.97,-2260529.0,-31.9,349772.0,4.94,626973.0,8.85,1283785.0,18.12,50.0,0.846,0.847,167947800.0,142251787,142251787,2026-08-24,2026-08-24 11:54:00+08:00
560790,软件ETF鹏华,0.804,0.8055,0.19,-0.019,-2.31,29850.0,2419445.0,0.823,0.825,0.803,0.823,2.67,1.31,0.86,42.95,7091.0,22759.0,-324321.0,-13.4,-576831.0,-23.84,252510.0,10.44,161402.0,6.67,162920.0,6.73,-136.0,0.803,0.805,228455900.0,183678544,183678544,2026-08-24,2026-08-24 11:53:53+08:00
562310,沪深300成长ETF银华,1.054,1.0556,0.15,-0.025,-2.32,97227.0,10344186.0,1.077,1.078,1.051,1.079,2.5,2.18,0.87,65.3,33754.0,63473.0,-183048.0,-1.77,0.0,0.0,-183048.0,-1.77,-193536.0,-1.87,376584.0,3.64,20.0,1.052,1.055,446572304.0,470687208,470687208,2026-08-24,2026-08-24 11:53:52+08:00
159877,医疗ETF南方,0.505,0.5078,0.55,-0.012,-2.32,23695.0,1211687.1,0.517,0.517,0.504,0.517,2.51,0.95,0.4,-53.56,6750.0,16945.0,55309.0,4.56,21956.0,1.81,33353.0,2.75,-99571.0,-8.22,44263.0,3.65,-6.0,0.504,0.506,248792292.0,125640107,125640107,2026-08-24,2026-08-24 11:54:27+08:00
159553,中证2000增强ETF海富通,1.772,1.7754,0.19,-0.042,-2.32,2727.0,487995.1,1.818,1.818,1.764,1.814,2.98,1.78,0.77,-0.53,1418.0,1309.0,166890.0,34.2,0.0,0.0,166890.0,34.2,-368450.0,-75.5,201562.0,41.3,5.0,1.771,1.775,15326751.0,27159003,27159003,2026-08-24,2026-08-24 11:54:24+08:00
159035,软件ETF天弘,0.799,0.8,0.13,-0.019,-2.32,63719.0,5119480.7,0.819,0.819,0.798,0.818,2.57,1.08,0.79,64.71,16994.0,46725.0,-332368.0,-6.49,-664187.0,-12.97,331819.0,6.48,-66337.0,-1.3,398705.0,7.79,-2.0,0.798,0.799,589859728.0,471297923,471297923,2026-08-24,2026-08-24 11:54:33+08:00
520950,港股通50ETF摩根,0.842,0.8433,0.15,-0.02,-2.32,134664.0,11402050.0,0.86,0.86,0.842,0.862,2.09,4.14,0.99,-66.41,59250.0,75414.0,625517.0,5.49,-379340.0,-3.33,1004857.0,8.81,-853240.0,-7.48,227724.0,2.0,-61.0,0.842,0.843,325421008.0,274004489,274004489,2026-08-24,2026-08-24 11:54:17+08:00
159350,深证50ETF富国,1.554,1.5563,0.15,-0.037,-2.33,341479.0,53771650.7,1.59,1.594,1.552,1.591,2.64,27.54,1.8,-6.48,184256.0,157223.0,-1649134.0,-3.07,328027.0,0.61,-1977161.0,-3.68,795430.0,1.48,853704.0,1.59,32.0,1.552,1.556,124009642.0,192710984,192710984,2026-08-24,2026-08-24 11:53:48+08:00
561010,软件ETF华安,0.837,0.839,0.24,-0.02,-2.33,85731.0,7235914.0,0.853,0.857,0.835,0.857,2.57,2.83,0.89,66.06,37824.0,47907.0,-210422.0,-2.91,-76186.0,-1.05,-134236.0,-1.86,-13769.0,-0.19,224191.0,3.1,-1050.0,0.837,0.84,303356000.0,253908972,253908972,2026-08-24,2026-08-24 11:54:10+08:00
520780,港股通汽车ETF华宝,0.84,0.8411,0.13,-0.02,-2.33,135025.0,11442482.0,0.86,0.861,0.84,0.86,2.44,34.22,1.54,-52.75,65474.0,69551.0,212606.0,1.86,161129.0,1.41,51477.0,0.45,-65948.0,-0.58,-146659.0,-1.28,-1500.0,0.839,0.84,39460000.0,33146400,33146400,2026-08-24,2026-08-24 11:54:05+08:00
159216,深证100ETF大成,1.466,1.462,-0.27,-0.035,-2.33,17526.0,2585583.5,1.493,1.498,1.462,1.501,2.4,15.86,1.01,-40.43,7128.0,10398.0,-216939.0,-8.39,0.0,0.0,-216939.0,-8.39,217546.0,8.41,-606.0,-0.02,30.0,1.456,1.47,11048250.0,16196735,16196735,2026-08-24,2026-08-24 11:53:54+08:00
159721,深证100ETF永赢,1.049,1.0473,-0.16,-0.025,-2.33,890.0,94447.2,1.074,1.074,1.049,1.074,2.33,0.13,0.05,0.02,310.0,580.0,18375.0,19.46,0.0,0.0,18375.0,19.46,-32022.0,-33.9,13648.0,14.45,100.0,1.045,1.048,67431696.0,70735849,70735849,2026-08-24,2026-08-24 11:53:42+08:00
515230,软件ETF国泰,0.671,0.6713,0.04,-0.016,-2.33,1627473.0,109912504.0,0.684,0.686,0.67,0.687,2.33,2.05,0.91,74.38,573438.0,1054035.0,-23053617.0,-20.97,-24989399.0,-22.74,1935782.0,1.76,13561005.0,12.34,9492613.0,8.64,-138.0,0.671,0.672,7934690816.0,5324177538,5324177538,2026-08-24,2026-08-24 11:54:06+08:00
159535,中证2000ETF嘉实,1.45,1.4511,0.08,-0.035,-2.36,52651.0,7639616.1,1.481,1.488,1.444,1.485,2.96,20.27,1.48,29.73,12884.0,39767.0,-717298.0,-9.39,4386377.0,57.42,-5103675.0,-66.81,702780.0,9.2,14519.0,0.19,-1.0,1.44,1.484,25981088.0,37672578,37672578,2026-08-24,2026-08-24 11:54:15+08:00
159320,电网设备ETF广发,0.617,0.6172,0.03,-0.015,-2.37,356801.0,22149270.0,0.63,0.63,0.614,0.632,2.53,2.0,0.81,35.22,128335.0,228466.0,-3529629.0,-15.94,-1104720.0,-4.99,-2424909.0,-10.95,1369191.0,6.18,2160438.0,9.75,50.0,0.616,0.617,1784235520.0,1100873316,1100873316,2026-08-24,2026-08-24 11:54:09+08:00
159716,深证100ETF华宝,1.11,1.1109,0.08,-0.027,-2.37,40525.0,4545996.4,1.133,1.134,1.109,1.137,2.2,7.28,2.12,-10.53,19862.0,20663.0,-9534.0,-0.21,0.0,0.0,-9534.0,-0.21,780.0,0.02,8756.0,0.19,2.0,1.101,1.136,55666732.0,61790073,61790073,2026-08-24,2026-08-24 11:54:21+08:00
513990,港股通ETF招商,1.111,1.1202,0.82,-0.027,-2.37,96976.0,10834613.0,1.139,1.139,1.111,1.138,2.46,22.04,1.66,48.47,39889.0,57087.0,-331905.0,-3.06,-445.0,0.0,-331460.0,-3.06,103839.0,0.96,228068.0,2.1,-861.0,1.111,1.116,44000000.0,48884000,48884000,2026-08-24,2026-08-24 11:54:10+08:00
159903,深成ETF南方,1.682,1.6798,-0.13,-0.041,-2.38,304089.0,51542500.1,1.717,1.724,1.677,1.723,2.73,6.88,1.28,78.52,118648.0,185441.0,-13666691.0,-26.52,-4113516.0,-7.98,-9553175.0,-18.53,2995451.0,5.81,10671241.0,20.7,-119.0,1.681,1.683,442154512.0,743703889,743703889,2026-08-24,2026-08-24 11:54:00+08:00
159718,港股医药ETF平安,0.902,0.9029,0.1,-0.022,-2.38,248240.0,22522166.2,0.924,0.93,0.897,0.924,3.57,13.5,1.3,41.89,108356.0,139884.0,74070.0,0.33,315657.0,1.4,-241587.0,-1.07,-1646304.0,-7.31,1572235.0,6.98,-132.0,0.902,0.903,183832634.0,165817036,165817036,2026-08-24,2026-08-24 11:54:24+08:00
159036,软件开发ETF华宝,0.897,0.8992,0.24,-0.022,-2.39,66732.0,6033730.504,0.919,0.919,0.896,0.919,2.5,2.32,0.7,-37.01,13755.0,52977.0,436245.0,7.23,445192.0,7.38,-8947.0,-0.15,-607695.0,-10.07,171450.0,2.84,-183.0,0.897,0.898,287740160.0,258102924,258102924,2026-08-24,2026-08-24 11:54:21+08:00
561380,电网设备ETF国泰,0.732,0.7316,-0.05,-0.018,-2.4,553494.0,40734350.0,0.747,0.747,0.728,0.75,2.53,0.81,1.04,37.4,184837.0,368657.0,-5929106.0,-14.56,-2939425.0,-7.22,-2989681.0,-7.34,2112510.0,5.19,3816595.0,9.37,10.0,0.731,0.732,6823534080.0,4994826947,4994826947,2026-08-24,2026-08-24 11:53:49+08:00
159918,中创400ETF嘉实,2.42,2.423,0.12,-0.06,-2.42,6775.0,1655946.9,2.455,2.46,2.42,2.48,1.61,2.22,1.1,-44.5,2001.0,4774.0,0.0,0.0,0.0,0.0,0.0,0.0,37440.0,2.26,-37440.0,-2.26,-500.0,2.401,2.478,30561264.0,73958259,73958259,2026-08-24,2026-08-24 11:54:21+08:00
159776,港股医药ETF银华,1.203,1.2025,-0.04,-0.03,-2.43,81964.0,9936412.4,1.24,1.248,1.196,1.233,4.22,10.0,0.55,-18.15,31680.0,50284.0,-24155.0,-0.24,-15971.0,-0.16,-8184.0,-0.08,-124738.0,-1.26,148893.0,1.5,-9.0,1.202,1.204,81968765.0,98608424,98608424,2026-08-24,2026-08-24 11:53:54+08:00
159706,深证100ETF华安,0.923,0.9225,-0.05,-0.023,-2.43,16331.0,1519276.3,0.946,0.946,0.921,0.946,2.64,4.04,0.74,57.76,7473.0,8858.0,-194930.0,-12.83,0.0,0.0,-194930.0,-12.83,170292.0,11.21,24637.0,1.62,10.0,0.92,0.946,40386800.0,37277016,37277016,2026-08-24,2026-08-24 11:54:00+08:00
159237,港股汽车ETF工银,0.884,0.8845,0.06,-0.022,-2.43,140934.0,12594238.6,0.9,0.902,0.884,0.906,1.99,32.52,2.0,-45.93,63036.0,77898.0,418295.0,3.32,-47113.0,-0.37,465408.0,3.7,-403334.0,-3.2,-14961.0,-0.12,-682.0,0.884,0.886,43334226.0,38307456,38307456,2026-08-24,2026-08-24 11:54:06+08:00
159169,恒生生物科技ETF广发,1.002,1.0047,0.27,-0.025,-2.43,111117.0,11258955.722,1.03,1.043,0.995,1.027,4.67,8.24,0.73,-19.64,47164.0,63953.0,144219.0,1.28,11412.0,0.1,132807.0,1.18,-156522.0,-1.39,12303.0,0.11,-12.0,1.001,1.003,134874485.0,135144234,135144234,2026-08-24,2026-08-24 11:54:30+08:00
517360,沪港深科技ETF华安,0.924,0.9332,0.99,-0.023,-2.43,685.0,63424.0,0.941,0.941,0.924,0.947,1.8,0.26,0.67,-48.16,132.0,553.0,26875.0,42.37,0.0,0.0,26875.0,42.37,-43150.0,-68.03,16275.0,25.66,-467.0,0.92,0.937,26583000.0,24562692,24562692,2026-08-24,2026-08-24 11:53:58+08:00
159892,恒生医药ETF华夏,0.799,0.8016,0.32,-0.02,-2.44,6585612.0,531621624.0,0.821,0.827,0.795,0.819,3.91,11.68,1.24,1.81,2940386.0,3645226.0,-15617314.0,-2.94,-12125857.0,-2.28,-3491457.0,-0.66,7433635.0,1.4,8183680.0,1.54,-161.0,0.799,0.8,5639266048.0,4505773572,4505773572,2026-08-24,2026-08-24 11:54:06+08:00
513700,港股通医药ETF鹏华,0.639,0.6388,-0.03,-0.016,-2.44,1392919.0,89751379.0,0.656,0.659,0.635,0.655,3.66,17.44,0.89,-45.36,610823.0,782096.0,-8075892.0,-9.0,-9329727.0,-10.4,1253835.0,1.4,6033527.0,6.72,2042365.0,2.28,900.0,0.637,0.639,798846000.0,510462594,510462594,2026-08-24,2026-08-24 11:54:17+08:00
159943,深证成指ETF大成,1.521,1.5199,-0.07,-0.038,-2.44,160265.0,24570899.4,1.553,1.559,1.516,1.559,2.76,8.25,1.17,32.76,51558.0,108707.0,-5163110.0,-21.01,8558.0,0.03,-5171668.0,-21.05,-989081.0,-4.03,6152191.0,25.04,-115.0,1.521,1.523,194229922.0,295423711,295423711,2026-08-24,2026-08-24 11:53:33+08:00
520680,港股通汽车ETF南方,0.835,0.8366,0.19,-0.021,-2.45,41007.0,3447787.0,0.853,0.853,0.834,0.856,2.22,5.75,1.0,88.99,21118.0,19889.0,159938.0,4.64,0.0,0.0,159938.0,4.64,-222827.0,-6.46,62889.0,1.82,10.0,0.834,0.837,71369000.0,59593115,59593115,2026-08-24,2026-08-24 11:53:56+08:00
159628,国证2000ETF万家,1.354,1.3557,0.13,-0.034,-2.45,363878.0,49726249.1,1.389,1.389,1.35,1.388,2.81,9.88,1.0,-18.31,181239.0,182639.0,2456635.0,4.94,-1009621.0,-2.03,3466256.0,6.97,-524361.0,-1.05,-1932274.0,-3.89,-588.0,1.354,1.355,368283248.0,498655518,498655518,2026-08-24,2026-08-24 11:54:12+08:00
159973,民企ETF弘毅远方,1.913,1.9151,0.11,-0.048,-2.45,2284.0,441102.2,1.966,1.966,1.912,1.961,2.75,0.11,0.77,-0.55,1506.0,778.0,-76755.0,-17.4,0.0,0.0,-76755.0,-17.4,67749.0,15.36,9005.0,2.04,-11.0,1.913,1.918,199976423.0,382554897,382554897,2026-08-24,2026-08-24 11:54:27+08:00
159211,深证100ETF富国,1.427,1.4281,0.08,-0.036,-2.46,40947.0,5919272.9,1.463,1.463,1.427,1.463,2.46,20.8,2.45,83.41,18479.0,22468.0,960050.0,16.22,0.0,0.0,960050.0,16.22,-975274.0,-16.48,15224.0,0.26,71.0,1.412,1.442,19683294.0,28088061,28088061,2026-08-24,2026-08-24 11:53:57+08:00
513900,港股通100ETF华安,0.993,1.0006,0.76,-0.025,-2.46,80811.0,8045937.0,1.012,1.012,0.993,1.018,1.87,8.69,1.2,44.32,26991.0,53820.0,-99861.0,-1.24,0.0,0.0,-99861.0,-1.24,68434.0,0.85,31427.0,0.39,-10.0,0.993,0.995,92978000.0,92327154,92327154,2026-08-24,2026-08-24 11:54:11+08:00
159576,深证100ETF广发,1.534,1.5335,-0.03,-0.039,-2.48,38151.0,5897713.4,1.564,1.569,1.532,1.573,2.35,10.17,2.98,78.42,16428.0,21723.0,-124647.0,-2.11,0.0,0.0,-124647.0,-2.11,-124100.0,-2.1,248745.0,4.22,2.0,1.534,1.573,37509612.0,57539745,57539745,2026-08-24,2026-08-24 11:53:42+08:00
159961,深100ETF方正富邦,2.196,2.199,0.14,-0.056,-2.49,14265.0,3173778.2,2.261,2.261,2.195,2.252,2.93,1.44,1.89,-7.44,9209.0,5056.0,-413786.0,-13.04,0.0,0.0,-413786.0,-13.04,312925.0,9.86,100862.0,3.18,9.0,2.186,2.25,99245196.0,217942450,217942450,2026-08-24,2026-08-24 11:54:18+08:00
520760,恒生生物科技ETF摩根,0.98,0.9824,0.24,-0.025,-2.49,85402.0,8453252.0,1.007,1.015,0.974,1.005,4.08,6.26,0.67,-73.2,46722.0,38680.0,1201359.0,14.21,-307105.0,-3.63,1508464.0,17.84,-1140604.0,-13.49,-60754.0,-0.72,-8.0,0.978,0.982,136466000.0,133736680,133736680,2026-08-24,2026-08-24 11:53:55+08:00
159586,计算机ETF南方,1.013,1.0134,0.04,-0.026,-2.5,53378.0,5437578.5,1.035,1.037,1.009,1.039,2.69,2.01,0.95,-14.69,22909.0,30469.0,-506786.0,-9.32,-985053.0,-18.12,478267.0,8.8,20136.0,0.37,486650.0,8.95,-296.0,1.011,1.014,265525923.0,268977760,268977760,2026-08-24,2026-08-24 11:54:33+08:00
516260,物联网ETF华夏,1.327,1.3167,-0.78,-0.034,-2.5,674.0,89826.0,1.343,1.347,1.314,1.361,2.42,0.15,0.15,40.67,425.0,249.0,-41503.0,-46.2,0.0,0.0,-41503.0,-46.2,0.0,0.0,41504.0,46.2,19.0,1.327,1.338,43882600.0,58232210,58232210,2026-08-24,2026-08-24 11:54:15+08:00
159303,恒生医疗ETF大成,1.599,1.6042,0.32,-0.041,-2.5,592450.0,95394428.1,1.643,1.652,1.591,1.64,3.72,80.07,1.59,15.37,287447.0,305003.0,-1138014.0,-1.19,-184511.0,-0.19,-953503.0,-1.0,-1223505.0,-1.28,2361519.0,2.48,2014.0,1.598,1.599,73991693.0,118312717,118312717,2026-08-24,2026-08-24 11:54:33+08:00
159610,中证500增强ETF景顺,1.248,1.2487,0.06,-0.032,-2.5,38096.0,4795084.5,1.28,1.28,1.246,1.28,2.66,2.34,1.43,-40.32,20450.0,17646.0,-1008505.0,-21.03,0.0,0.0,-1008505.0,-21.03,732687.0,15.28,275818.0,5.75,5.0,1.247,1.249,162568207.0,202885122,202885122,2026-08-24,2026-08-24 11:53:57+08:00
513280,恒生生物科技ETF汇添富,1.13,1.1311,0.1,-0.029,-2.5,515990.0,58843102.0,1.176,1.181,1.123,1.159,5.0,13.83,1.11,-46.13,234317.0,281673.0,-3442648.0,-5.85,119578.0,0.2,-3562226.0,-6.05,-912814.0,-1.55,4355462.0,7.4,50.0,1.129,1.131,373114496.0,421619380,421619380,2026-08-24,2026-08-24 11:54:08+08:00
159150,深证50ETF易方达,1.592,1.5957,0.23,-0.041,-2.51,61400.0,9901245.4,1.627,1.633,1.591,1.633,2.57,6.6,2.2,28.68,32453.0,28947.0,763358.0,7.71,-1120727.0,-11.32,1884085.0,19.03,-1013618.0,-10.24,250261.0,2.53,-10.0,1.59,1.623,92997623.0,148052216,148052216,2026-08-24,2026-08-24 11:53:48+08:00
515580,科技100ETF华泰柏瑞,1.36,1.3592,-0.06,-0.035,-2.51,34582.0,4749489.0,1.382,1.4,1.355,1.395,3.23,1.14,1.93,3.24,18152.0,16430.0,-1775480.0,-37.38,-499030.0,-10.51,-1276450.0,-26.88,1231342.0,25.93,544137.0,11.46,-1.0,1.359,1.361,304031408.0,413482715,413482715,2026-08-24,2026-08-24 11:54:19+08:00
159685,1000增强ETF天弘,1.432,1.4352,0.22,-0.037,-2.52,10628.0,1538022.0,1.466,1.468,1.43,1.469,2.59,5.47,1.12,-7.63,3218.0,7410.0,-445510.0,-28.97,0.0,0.0,-445510.0,-28.97,446190.0,29.01,-680.0,-0.04,1000.0,1.433,1.435,19440067.0,27838176,27838176,2026-08-24,2026-08-24 11:54:15+08:00
517200,互联网ETF嘉实,0.578,0.5764,-0.28,-0.015,-2.53,17184.0,992680.0,0.593,0.593,0.574,0.593,3.2,1.2,1.69,67.16,11136.0,6048.0,-128800.0,-12.97,0.0,0.0,-128800.0,-12.97,-6083.0,-0.61,134882.0,13.59,1.0,0.576,0.579,142782000.0,82527996,82527996,2026-08-24,2026-08-24 11:54:13+08:00
159613,信息安全ETF嘉实,0.843,0.8441,0.13,-0.022,-2.54,34695.0,2951987.6,0.866,0.866,0.841,0.865,2.89,3.11,0.64,95.21,10924.0,23771.0,-158249.0,-5.36,0.0,0.0,-158249.0,-5.36,-277889.0,-9.41,436138.0,14.77,-200.0,0.842,0.845,111590217.0,94070553,94070553,2026-08-24,2026-08-24 11:54:00+08:00
513060,恒生医疗ETF博时,0.576,0.5777,0.29,-0.015,-2.54,6294582.0,365776089.0,0.592,0.595,0.573,0.591,3.72,7.22,1.08,-18.14,2572838.0,3721744.0,-19495827.0,-5.33,-22695948.0,-6.2,3200121.0,0.87,11623292.0,3.18,7872535.0,2.15,13328.0,0.576,0.577,8717893376.0,5021506585,5021506585,2026-08-24,2026-08-24 11:54:02+08:00
588910,科创价值ETF建信,1.495,1.4952,0.01,-0.039,-2.54,51207.0,7716963.0,1.529,1.536,1.488,1.534,3.13,5.12,1.39,14.47,28476.0,22731.0,-1098002.0,-14.23,-1514000.0,-19.62,415998.0,5.39,552233.0,7.16,545769.0,7.07,1000.0,1.493,1.495,100049100.0,149573405,149573405,2026-08-24,2026-08-24 11:53:53+08:00
520700,港股通创新药ETF万家,1.611,1.6135,0.15,-0.042,-2.54,1840981.0,299517111.0,1.656,1.673,1.601,1.653,4.36,42.61,0.96,-58.76,830923.0,1010058.0,-9911595.0,-3.31,-5066200.0,-1.69,-4845395.0,-1.62,5254665.0,1.75,4656929.0,1.55,-3042.0,1.611,1.612,432076000.0,696074436,696074436,2026-08-24,2026-08-24 11:54:18+08:00
530530,上证580ETF华夏,1.112,1.1111,-0.08,-0.029,-2.54,6743.0,755356.0,1.13,1.133,1.109,1.141,2.1,0.5,0.83,-61.35,2728.0,4015.0,-371611.0,-49.2,0.0,0.0,-371611.0,-49.2,103221.0,13.67,268391.0,35.53,-20.0,1.115,1.125,134460000.0,149519520,149519520,2026-08-24,2026-08-24 11:54:03+08:00
159212,深100ETF南方,1.452,1.4516,-0.03,-0.038,-2.55,38157.0,5605574.8,1.487,1.487,1.45,1.49,2.48,5.36,0.76,-9.0,19562.0,18595.0,-1217041.0,-21.71,0.0,0.0,-1217041.0,-21.71,859554.0,15.33,357487.0,6.38,492.0,1.45,1.489,71204367.0,103388741,103388741,2026-08-24,2026-08-24 11:53:48+08:00
159573,创业板200ETF华夏,1.408,1.4096,0.11,-0.037,-2.56,82201.0,11676887.8,1.444,1.45,1.405,1.445,3.11,10.35,1.39,26.23,39675.0,42526.0,56705.0,0.49,0.0,0.0,56705.0,0.49,-248283.0,-2.13,191578.0,1.64,-286.0,1.408,1.41,79456297.0,111874466,111874466,2026-08-24,2026-08-24 11:54:27+08:00
159102,港股通生物科技ETF华安,0.83,0.8322,0.26,-0.022,-2.58,360330.0,30248988.67,0.851,0.859,0.825,0.852,3.99,5.39,0.81,9.18,153128.0,207202.0,-1710346.0,-5.65,-841297.0,-2.78,-869049.0,-2.87,512206.0,1.69,1198141.0,3.96,-117.0,0.829,0.831,668622000.0,554956260,554956260,2026-08-24,2026-08-24 11:54:15+08:00
159132,恒生生物科技ETF富国,0.978,0.9776,-0.04,-0.026,-2.59,248856.0,24603877.8,1.004,1.012,0.971,1.004,4.08,20.07,0.99,-79.65,109924.0,138932.0,-2579006.0,-10.48,-1252314.0,-5.09,-1326692.0,-5.39,239888.0,0.98,2339118.0,9.51,100.0,0.976,0.978,123963558.0,121236360,121236360,2026-08-24,2026-08-24 11:54:00+08:00
530100,上证580ETF易方达,1.12,1.1215,0.13,-0.03,-2.61,18812.0,2124304.0,1.138,1.149,1.117,1.15,2.78,1.56,1.26,0.0,5694.0,13118.0,-227442.0,-10.71,0.0,0.0,-227442.0,-10.71,112673.0,5.3,114769.0,5.4,1477.0,1.116,1.134,120696000.0,135179520,135179520,2026-08-24,2026-08-24 11:53:55+08:00
159109,恒生50ETF景顺,0.817,0.8194,0.29,-0.022,-2.62,100889.0,8271803.2,0.832,0.832,0.816,0.839,1.91,1.7,1.89,-84.17,21088.0,79801.0,-192007.0,-2.32,-629571.0,-7.61,437564.0,5.29,211757.0,2.56,-19750.0,-0.24,-288.0,0.817,0.819,593163856.0,484614870,484614870,2026-08-24,2026-08-24 11:53:54+08:00
513780,港股创新药ETF景顺,1.672,1.6744,0.14,-0.045,-2.62,2550910.0,430928608.0,1.737,1.737,1.66,1.717,4.48,14.1,1.03,1.77,1179636.0,1371274.0,-22460855.0,-5.21,-5198758.0,-1.21,-17262097.0,-4.01,10802630.0,2.51,11658226.0,2.71,-26.0,1.672,1.673,1809157008.0,3024910517,3024910517,2026-08-24,2026-08-24 11:54:23+08:00
159106,民企300ETF前海开源,1.037,1.0416,0.44,-0.028,-2.63,5104.0,535183.1,1.059,1.062,1.033,1.065,2.72,1.29,1.38,48.7,1523.0,3581.0,35731.0,6.68,0.0,0.0,35731.0,6.68,-79907.0,-14.93,44175.0,8.25,1.0,1.033,1.053,39579488.0,41043929,41043929,2026-08-24,2026-08-24 11:54:18+08:00
588850,科创机械ETF嘉实,1.779,1.7795,0.03,-0.048,-2.63,100631.0,18118498.0,1.828,1.832,1.766,1.827,3.61,12.46,1.38,21.9,54166.0,46465.0,-1804669.0,-9.96,-1094107.0,-6.04,-710562.0,-3.92,1672758.0,9.23,131910.0,0.73,233.0,1.779,1.781,80779000.0,143705841,143705841,2026-08-24,2026-08-24 11:53:59+08:00
517950,沪深港科技50ETF交银,1.142,1.1459,0.34,-0.031,-2.64,34901.0,4007768.0,1.173,1.173,1.138,1.173,2.98,6.76,1.09,-67.63,19763.0,15138.0,55844.0,1.39,0.0,0.0,55844.0,1.39,21756.0,0.54,-77599.0,-1.94,-1.0,1.138,1.159,51623200.0,58953694,58953694,2026-08-24,2026-08-24 11:54:18+08:00
589550,科创价值ETF华夏,1.293,1.2924,-0.05,-0.035,-2.64,19287.0,2512221.0,1.323,1.323,1.288,1.328,2.64,7.62,2.03,2.3,9219.0,10068.0,320414.0,12.75,0.0,0.0,320414.0,12.75,-234239.0,-9.32,-86174.0,-3.43,50.0,1.291,1.293,25295500.0,32707082,32707082,2026-08-24,2026-08-24 11:53:40+08:00
159847,医疗ETF易方达,0.406,0.4061,0.02,-0.011,-2.64,487550.0,19981107.4,0.416,0.417,0.404,0.417,3.12,1.28,1.08,26.68,212387.0,275163.0,-3366795.0,-16.85,-1185360.0,-5.93,-2181435.0,-10.92,1405646.0,7.03,1961149.0,9.82,-10.0,0.406,0.407,3820825360.0,1551255096,1551255096,2026-08-24,2026-08-24 11:53:51+08:00
159557,恒生医疗ETF嘉实,1.466,1.4799,0.94,-0.04,-2.66,300032.0,44280592.2,1.509,1.518,1.459,1.506,3.92,23.46,0.88,-35.95,137342.0,162690.0,-625665.0,-1.41,0.0,0.0,-625665.0,-1.41,386777.0,0.87,238888.0,0.54,-89.0,1.465,1.467,127894955.0,187494004,187494004,2026-08-24,2026-08-24 11:54:24+08:00
159970,深100ETF工银,1.024,1.0284,0.43,-0.028,-2.66,3775.0,392063.2,1.046,1.046,1.024,1.052,2.09,3.61,1.74,51.78,1298.0,2477.0,-24399.0,-6.22,0.0,0.0,-24399.0,-6.22,0.0,0.0,24400.0,6.22,-5.0,1.024,1.052,10468704.0,10719953,10719953,2026-08-24,2026-08-24 11:54:21+08:00
159292,创业板综增强ETF华宝,1.165,1.1648,-0.02,-0.032,-2.67,13809.0,1634679.635,1.192,1.192,1.165,1.197,2.26,0.79,0.92,-1.54,4648.0,9161.0,283937.0,17.37,0.0,0.0,283937.0,17.37,-254733.0,-15.58,-29204.0,-1.79,-26.0,1.162,1.178,175189531.0,204095804,204095804,2026-08-24,2026-08-24 11:54:24+08:00
560630,机器人ETF万家,1.058,1.0556,-0.23,-0.029,-2.67,59384.0,6323419.0,1.083,1.086,1.051,1.087,3.22,3.66,1.14,0.22,24559.0,34825.0,-346287.0,-5.48,177882.0,2.81,-524169.0,-8.29,83812.0,1.33,262476.0,4.15,200.0,1.058,1.059,162394000.0,171812852,171812852,2026-08-24,2026-08-24 11:53:56+08:00
159526,机器人ETF嘉实,1.383,1.3839,0.07,-0.038,-2.67,120818.0,16838146.0,1.421,1.422,1.376,1.421,3.24,2.05,1.08,-77.59,41833.0,78985.0,38954.0,0.23,-1482696.0,-8.81,1521650.0,9.04,-214653.0,-1.27,175700.0,1.04,3.0,1.382,1.383,588962960.0,814535774,814535774,2026-08-24,2026-08-24 11:54:00+08:00
517050,互联网ETF华泰柏瑞,0.655,0.6575,0.38,-0.018,-2.67,23813.0,1563701.0,0.667,0.668,0.653,0.673,2.23,0.69,1.74,85.1,6948.0,16865.0,-42820.0,-2.74,97147.0,6.21,-139967.0,-8.95,-78125.0,-5.0,120945.0,7.73,80.0,0.653,0.656,347605008.0,227681280,227681280,2026-08-24,2026-08-24 11:54:01+08:00
159760,医疗健康ETF泰康,0.581,0.5819,0.15,-0.016,-2.68,8183.0,480079.7,0.599,0.602,0.579,0.597,3.85,0.62,0.59,-61.47,1826.0,6357.0,13279.0,2.77,0.0,0.0,13279.0,2.77,-80670.0,-16.8,67390.0,14.04,24.0,0.58,0.589,132360223.0,76901290,76901290,2026-08-24,2026-08-24 11:53:51+08:00
159105,恒生生物科技ETF易方达,0.943,0.9451,0.22,-0.026,-2.68,727894.0,69342242.0,0.969,0.976,0.937,0.969,4.02,39.29,0.93,4.04,331415.0,396479.0,-973201.0,-1.4,-3072952.0,-4.43,2099751.0,3.03,831942.0,1.2,141259.0,0.2,362.0,0.942,0.944,185272984.0,174712424,174712424,2026-08-24,2026-08-24 11:53:51+08:00
159838,医药50ETF博时,0.58,0.5806,0.1,-0.016,-2.68,69158.0,4068432.0,0.591,0.612,0.58,0.596,5.37,3.08,1.64,68.01,25691.0,43467.0,-715133.0,-17.58,-426911.0,-10.49,-288222.0,-7.08,501717.0,12.33,213417.0,5.25,-24.0,0.581,0.585,224763462.0,130362808,130362808,2026-08-24,2026-08-24 11:53:45+08:00
520930,恒生生物科技ETF国泰,0.979,0.9805,0.15,-0.027,-2.68,159063.0,15722863.0,1.004,1.01,0.973,1.006,3.68,9.66,0.82,-87.47,76846.0,82217.0,-294786.0,-1.87,-204930.0,-1.3,-89856.0,-0.57,271787.0,1.73,22999.0,0.15,94.0,0.976,0.981,164733000.0,161273607,161273607,2026-08-24,2026-08-24 11:54:15+08:00
159130,恒生生物科技ETF鹏华,0.945,0.9476,0.27,-0.026,-2.68,67458.0,6415323.043,0.971,0.979,0.939,0.971,4.12,3.27,0.91,15.98,28644.0,38814.0,-17339.0,-0.27,-796607.0,-12.42,779268.0,12.15,-89866.0,-1.4,107206.0,1.67,-301.0,0.944,0.946,206389466.0,195038045,195038045,2026-08-24,2026-08-24 11:54:33+08:00
513930,恒生生物科技ETF华泰柏瑞,1.051,1.0508,-0.02,-0.029,-2.69,334861.0,35411720.0,1.086,1.088,1.044,1.08,4.07,34.55,1.0,1.2,157964.0,176897.0,634100.0,1.79,-811461.0,-2.29,1445561.0,4.08,-585470.0,-1.65,-48630.0,-0.14,-1.0,1.05,1.052,96908000.0,101850308,101850308,2026-08-24,2026-08-24 11:54:10+08:00
517990,沪港深医药ETF招商,0.905,0.9077,0.3,-0.025,-2.69,35605.0,3261597.0,0.93,0.93,0.901,0.93,3.12,7.42,1.88,87.1,12259.0,23346.0,-333742.0,-10.23,-698067.0,-21.4,364325.0,11.17,416341.0,12.76,-82598.0,-2.53,-62.0,0.903,0.91,47987900.0,43429050,43429050,2026-08-24,2026-08-24 11:53:57+08:00
562500,机器人ETF华夏,0.932,0.9323,0.03,-0.026,-2.71,3140045.0,294919851.0,0.954,0.958,0.927,0.958,3.24,1.67,0.8,48.0,1042400.0,2097645.0,-47983549.0,-16.27,-35333368.0,-11.98,-12650181.0,-4.29,11250873.0,3.81,36732676.0,12.46,45.0,0.931,0.932,18764687360.0,17488688620,17488688620,2026-08-24,2026-08-24 11:53:50+08:00
560770,机器人ETF招商,0.931,0.9305,-0.05,-0.026,-2.72,155455.0,14562378.0,0.952,0.955,0.925,0.957,3.13,0.93,1.01,77.49,52785.0,102670.0,-883043.0,-6.06,54902.0,0.38,-937945.0,-6.44,-154408.0,-1.06,1037451.0,7.12,5.0,0.929,0.931,1668133008.0,1553031830,1553031830,2026-08-24,2026-08-24 11:53:55+08:00
159615,恒生生物科技ETF南方,1.145,1.1482,0.28,-0.032,-2.72,646696.0,74812936.8,1.183,1.2,1.139,1.177,5.18,18.11,1.04,20.33,304470.0,342226.0,615244.0,0.82,-3594861.0,-4.81,4210105.0,5.63,-4038495.0,-5.4,3423249.0,4.58,-1948.0,1.144,1.146,357054896.0,408827856,408827856,2026-08-24,2026-08-24 11:54:03+08:00
159778,工业互联网ETF鹏华,1.171,1.1717,0.06,-0.033,-2.74,2259.0,266713.9,1.204,1.204,1.17,1.204,2.82,0.56,0.25,-41.62,1740.0,519.0,-31791.0,-11.92,-21314.0,-7.99,-10477.0,-3.93,24040.0,9.01,7752.0,2.91,-10.0,1.17,1.175,40255382.0,47139052,47139052,2026-08-24,2026-08-24 11:54:24+08:00
520560,香港大盘30ETF华宝,0.817,0.8192,0.27,-0.023,-2.74,48868.0,4008548.0,0.834,0.834,0.816,0.84,2.14,0.8,1.6,41.19,13024.0,35844.0,-736493.0,-18.37,55608.0,1.39,-792101.0,-19.76,548278.0,13.68,188217.0,4.7,-20.0,0.817,0.818,610419008.0,498712330,498712330,2026-08-24,2026-08-24 11:54:04+08:00
159828,医疗ETF国泰,0.423,0.423,0.0,-0.012,-2.76,1503061.0,63968771.3,0.433,0.434,0.421,0.435,2.99,3.24,1.75,59.44,783819.0,719242.0,-7860745.0,-12.29,-15470550.0,-24.18,7609805.0,11.9,5458427.0,8.53,2402318.0,3.76,3700.0,0.422,0.423,4634439424.0,1960367876,1960367876,2026-08-24,2026-08-24 11:53:45+08:00
515200,创新100ETF申万菱信,2.456,2.4516,-0.18,-0.07,-2.77,5810.0,1441211.0,2.53,2.571,2.45,2.526,4.79,1.49,1.49,2.65,2292.0,3518.0,-128663.0,-8.93,0.0,0.0,-128663.0,-8.93,123837.0,8.59,4825.0,0.33,24.0,2.451,2.458,38943200.0,95644499,95644499,2026-08-24,2026-08-24 11:53:58+08:00
159571,创业板200ETF富国,1.398,1.3975,-0.04,-0.04,-2.78,1225.0,171942.2,1.441,1.441,1.396,1.438,3.13,0.68,0.42,6.64,525.0,700.0,-21600.0,-12.56,0.0,0.0,-21600.0,-12.56,42734.0,24.85,-21134.0,-12.29,300.0,1.397,1.4,17981814.0,25138576,25138576,2026-08-24,2026-08-24 11:54:24+08:00
589050,科创综指ETF兴业,1.322,1.3207,-0.1,-0.038,-2.79,32573.0,4356748.0,1.352,1.36,1.31,1.36,3.68,6.94,4.15,-40.64,8097.0,24476.0,132357.0,3.04,0.0,0.0,132357.0,3.04,-77645.0,-1.78,-54712.0,-1.26,11.0,1.31,1.33,46968000.0,62091696,62091696,2026-08-24,2026-08-24 11:53:47+08:00
588370,科创50增强ETF南方,1.707,1.7018,-0.31,-0.049,-2.79,34891.0,6007674.0,1.756,1.768,1.697,1.756,4.04,4.6,1.15,20.32,17849.0,17042.0,-2212215.0,-36.82,0.0,0.0,-2212215.0,-36.82,995145.0,16.56,1217070.0,20.26,30.0,1.702,1.706,75772000.0,129342804,129342804,2026-08-24,2026-08-24 11:53:49+08:00
515950,医药50ETF富国,0.941,0.9416,0.06,-0.027,-2.79,121283.0,11512416.0,0.966,0.977,0.939,0.968,3.93,2.29,1.63,81.1,42287.0,78996.0,-2298277.0,-19.96,-1723447.0,-14.97,-574830.0,-4.99,170352.0,1.48,2127926.0,18.48,35.0,0.941,0.942,530200608.0,498918772,498918772,2026-08-24,2026-08-24 11:54:07+08:00
520970,港股通创新药ETF嘉实,0.903,0.9022,-0.09,-0.026,-2.8,538996.0,49186533.0,0.933,0.938,0.897,0.929,4.41,4.32,0.66,72.57,215789.0,323207.0,801627.0,1.63,1528614.0,3.11,-726987.0,-1.48,-646418.0,-1.31,-155209.0,-0.32,-21.0,0.902,0.904,1247358000.0,1126364274,1126364274,2026-08-24,2026-08-24 11:54:03+08:00
515400,大数据ETF富国,0.832,0.8311,-0.11,-0.024,-2.8,570902.0,47859893.0,0.855,0.856,0.828,0.856,3.27,3.51,0.86,60.65,178334.0,392568.0,-8259398.0,-17.26,-4919014.0,-10.28,-3340384.0,-6.98,2457072.0,5.13,5802325.0,12.12,12.0,0.832,0.833,1625631408.0,1352525331,1352525331,2026-08-24,2026-08-24 11:53:59+08:00
516700,大数据ETF华宝,0.867,0.8647,-0.27,-0.025,-2.8,138645.0,12124292.0,0.895,0.895,0.863,0.892,3.59,7.31,1.38,-77.5,48650.0,89995.0,-887773.0,-7.32,545044.0,4.5,-1432817.0,-11.82,-23557.0,-0.19,911329.0,7.52,57.0,0.864,0.868,189622000.0,164402274,164402274,2026-08-24,2026-08-24 11:54:02+08:00
513200,港股通医药ETF易方达,1.075,1.0754,0.04,-0.031,-2.8,1251482.0,135616996.0,1.11,1.114,1.068,1.106,4.16,13.98,1.24,-33.26,716701.0,534781.0,-2973927.0,-2.19,-21277706.0,-15.69,18303779.0,13.5,2089329.0,1.54,884599.0,0.65,-140.0,1.074,1.075,895282096.0,962428253,962428253,2026-08-24,2026-08-24 11:53:57+08:00
159873,医疗设备ETF天弘,0.519,0.5219,0.56,-0.015,-2.81,162210.0,8490993.9,0.533,0.533,0.518,0.534,2.81,3.5,1.31,92.88,46138.0,116072.0,-3052968.0,-35.96,-3867504.0,-45.55,814536.0,9.59,1991214.0,23.45,1061754.0,12.5,-193.0,0.519,0.521,462920000.0,240255480,240255480,2026-08-24,2026-08-24 11:53:48+08:00
159770,机器人ETF天弘,0.966,0.9662,0.02,-0.028,-2.82,837505.0,81500922.154,0.993,0.993,0.96,0.994,3.32,1.36,0.9,-19.88,311034.0,526471.0,-6360707.0,-7.8,-5220417.0,-6.41,-1140290.0,-1.4,432811.0,0.53,5927896.0,7.27,30.0,0.965,0.966,6154087680.0,5944848699,5944848699,2026-08-24,2026-08-24 11:54:21+08:00
560260,医疗ETF广发,0.861,0.8618,0.09,-0.025,-2.82,56437.0,4909532.0,0.882,0.885,0.857,0.886,3.16,0.33,0.56,-66.0,17379.0,39058.0,604470.0,12.31,1055246.0,21.49,-450776.0,-9.18,-570791.0,-11.63,-33680.0,-0.69,40.0,0.859,0.864,1719664704.0,1480631310,1480631310,2026-08-24,2026-08-24 11:54:05+08:00
159050,机器人ETF广发,0.826,0.8234,-0.32,-0.024,-2.82,189754.0,15752144.9,0.847,0.85,0.818,0.85,3.76,2.74,0.77,45.76,63741.0,126013.0,-1527688.0,-9.7,-159863.0,-1.01,-1367825.0,-8.68,52864.0,0.34,1474825.0,9.36,22.0,0.823,0.827,691703616.0,571347187,571347187,2026-08-24,2026-08-24 11:54:36+08:00
588670,科创综指增强ETF嘉实,1.716,1.7121,-0.23,-0.05,-2.83,12958.0,2233334.0,1.76,1.771,1.708,1.766,3.57,3.62,2.1,0.13,3888.0,9070.0,-590837.0,-26.46,1024800.0,45.89,-1615637.0,-72.34,602905.0,27.0,-12069.0,-0.54,506.0,1.708,1.718,35792000.0,61419072,61419072,2026-08-24,2026-08-24 11:54:02+08:00
159256,创业板软件ETF华夏,0.789,0.7883,-0.09,-0.023,-2.83,474384.0,37679731.8,0.81,0.812,0.786,0.812,3.2,7.9,0.86,46.1,194878.0,279506.0,-5031928.0,-13.35,-2893702.0,-7.68,-2138226.0,-5.67,2695063.0,7.15,2336866.0,6.2,568.0,0.788,0.79,600183760.0,473544987,473544987,2026-08-24,2026-08-24 11:54:18+08:00
159075,工业互联网ETF华夏,0.893,0.8949,0.21,-0.026,-2.83,23537.0,2116634.358,0.919,0.919,0.891,0.919,3.05,1.31,0.98,22.87,4297.0,19240.0,-188906.0,-8.92,87885.0,4.15,-276791.0,-13.08,70521.0,3.33,118385.0,5.59,1481.0,0.892,0.905,180197165.0,160916068,160916068,2026-08-24,2026-08-24 11:53:54+08:00
159550,互联网ETF东财,0.786,0.7888,0.35,-0.023,-2.84,48283.0,3812888.9,0.804,0.808,0.784,0.809,2.97,2.47,1.41,9.45,20827.0,27456.0,-1128122.0,-29.59,0.0,0.0,-1128122.0,-29.59,511439.0,13.41,616683.0,16.17,58.0,0.785,0.786,195828785.0,153921425,153921425,2026-08-24,2026-08-24 11:54:21+08:00
159389,数字经济ETF嘉实,1.778,1.7813,0.19,-0.052,-2.84,28286.0,5084096.8,1.83,1.834,1.773,1.83,3.33,2.11,0.89,0.72,14174.0,14112.0,-49022.0,-0.96,10230.0,0.2,-59252.0,-1.17,39616.0,0.78,9404.0,0.18,900.0,1.777,1.782,134093364.0,238418001,238418001,2026-08-24,2026-08-24 11:54:30+08:00
512010,医药ETF易方达,0.377,0.3782,0.32,-0.011,-2.84,10033777.0,382174155.0,0.385,0.387,0.376,0.388,2.84,2.48,1.37,61.92,3252421.0,6781356.0,-42053376.0,-11.0,-70577247.0,-18.47,28523871.0,7.46,28053829.0,7.34,13999542.0,3.66,-1966.0,0.377,0.378,40538694912.0,15283087982,15283087982,2026-08-24,2026-08-24 11:54:18+08:00
517660,物联网ETF天弘,1.233,1.2355,0.2,-0.036,-2.84,6083.0,755119.0,1.269,1.269,1.233,1.269,2.84,1.53,0.95,73.71,2004.0,4079.0,-10518.0,-1.39,0.0,0.0,-10518.0,-1.39,0.0,0.0,10518.0,1.39,-2000.0,1.225,1.277,39880700.0,49172903,49172903,2026-08-24,2026-08-24 11:54:11+08:00
159293,创业板综增强ETF建信,1.056,1.0597,0.35,-0.031,-2.85,20856.0,2227646.5,1.087,1.087,1.055,1.087,2.94,8.29,0.84,2.99,5359.0,15497.0,218032.0,9.79,0.0,0.0,218032.0,9.79,-234918.0,-10.55,16886.0,0.76,-1420.0,1.058,1.059,25159397.0,26568323,26568323,2026-08-24,2026-08-24 11:54:15+08:00
159258,机器人ETF南方,1.055,1.0547,-0.03,-0.031,-2.85,190469.0,20251273.2,1.082,1.085,1.048,1.086,3.41,1.42,1.08,46.38,65652.0,124817.0,-621716.0,-3.07,352567.0,1.74,-974283.0,-4.81,93089.0,0.46,528626.0,2.61,19.0,1.053,1.056,1342265664.0,1416090276,1416090276,2026-08-24,2026-08-24 11:54:21+08:00
513120,港股创新药ETF广发,1.292,1.2947,0.21,-0.038,-2.86,33343192.0,4355654093.0,1.339,1.342,1.283,1.33,4.44,17.01,1.01,-30.55,14518848.0,18824344.0,-350078512.0,-8.04,-342419520.0,-7.86,-7658992.0,-0.18,210017968.0,4.82,140060545.0,3.22,3282.0,1.291,1.292,19602635520.0,25326605092,25326605092,2026-08-24,2026-08-24 11:54:20+08:00
159213,机器人ETF汇添富,1.122,1.1235,0.13,-0.033,-2.86,173876.0,19679965.1,1.154,1.154,1.116,1.155,3.29,3.48,1.09,12.22,62842.0,111034.0,-73712.0,-0.37,101622.0,0.52,-175334.0,-0.89,-793093.0,-4.03,866803.0,4.4,-30.0,1.122,1.123,499237568.0,560144551,560144551,2026-08-24,2026-08-24 11:54:39+08:00
159013,工业互联网ETF大成,0.984,0.984,0.0,-0.029,-2.86,8855.0,883060.6,1.014,1.014,0.981,1.013,3.26,2.18,0.67,88.96,4429.0,4426.0,-237290.0,-26.87,153318.0,17.36,-390608.0,-44.23,184361.0,20.88,52929.0,5.99,10.0,0.983,0.999,40578881.0,39929619,39929619,2026-08-24,2026-08-24 11:54:18+08:00
159701,物联网ETF招商,1.221,1.2199,-0.09,-0.036,-2.86,154.0,19084.4,1.253,1.253,1.221,1.257,2.55,0.27,0.05,68.42,140.0,14.0,-18590.0,-97.41,0.0,0.0,-18590.0,-97.41,494.0,2.59,18096.0,94.82,-2.0,1.213,1.257,5705601.0,6966539,6966539,2026-08-24,2026-08-24 11:54:21+08:00
512170,医疗ETF华宝,0.339,0.3387,-0.09,-0.01,-2.87,14774546.0,505295563.0,0.347,0.349,0.337,0.349,3.44,2.07,1.37,43.43,4652724.0,10121822.0,-67046095.0,-13.27,-95041392.0,-18.81,27995297.0,5.54,51516136.0,10.2,15529959.0,3.07,-6575.0,0.338,0.339,71252819968.0,24154705969,24154705969,2026-08-24,2026-08-24 11:54:18+08:00
159938,医药ETF广发,0.644,0.6436,-0.06,-0.019,-2.87,571032.0,37156526.2,0.659,0.663,0.641,0.663,3.32,0.79,1.31,73.72,207790.0,363242.0,-8710594.0,-23.44,-1664650.0,-4.48,-7045944.0,-18.96,2041962.0,5.5,6668633.0,17.95,216.0,0.642,0.643,7219567360.0,4649401380,4649401380,2026-08-24,2026-08-24 11:53:39+08:00
159385,数字经济ETF富国,1.758,1.7568,-0.07,-0.052,-2.87,16476.0,2933813.1,1.804,1.804,1.75,1.81,2.98,3.36,0.78,-0.31,4925.0,11551.0,194293.0,6.62,68500.0,2.33,125793.0,4.29,-334345.0,-11.4,140052.0,4.77,-57.0,1.753,1.758,49002525.0,86146439,86146439,2026-08-24,2026-08-24 11:54:24+08:00
516000,大数据ETF华夏,0.913,0.9131,0.01,-0.027,-2.87,235343.0,21661419.0,0.941,0.941,0.909,0.94,3.4,5.29,1.14,50.07,94920.0,140423.0,-786675.0,-3.63,791075.0,3.65,-1577750.0,-7.28,-253111.0,-1.17,1039786.0,4.8,48.0,0.912,0.913,444855008.0,406152622,406152622,2026-08-24,2026-08-24 11:54:13+08:00
159551,机器人ETF国泰,1.215,1.2141,-0.07,-0.036,-2.88,84687.0,10387852.2,1.248,1.25,1.208,1.251,3.36,2.73,0.89,32.7,36957.0,47730.0,1150420.0,11.07,-326279.0,-3.14,1476699.0,14.22,-1252020.0,-12.05,101600.0,0.98,4.0,1.212,1.215,309920928.0,376553928,376553928,2026-08-24,2026-08-24 11:54:06+08:00
159039,机器人ETF华安,0.809,0.8066,-0.3,-0.024,-2.88,303642.0,24682266.4,0.825,0.831,0.802,0.833,3.48,3.18,0.97,13.16,130893.0,172749.0,-2312583.0,-9.37,-97262.0,-0.39,-2215321.0,-8.98,328203.0,1.33,1984380.0,8.04,5.0,0.808,0.81,954461424.0,772159292,772159292,2026-08-24,2026-08-24 11:54:33+08:00
159856,互联网龙头ETF工银,0.573,0.5725,-0.09,-0.017,-2.88,22381.0,1287916.4,0.588,0.588,0.571,0.59,2.88,0.64,1.52,89.18,6887.0,15494.0,-336952.0,-26.16,0.0,0.0,-336952.0,-26.16,125559.0,9.75,211394.0,16.41,10.0,0.572,0.574,347372480.0,199044431,199044431,2026-08-24,2026-08-24 11:54:18+08:00
159543,国证2000ETF工银,1.445,1.4466,0.11,-0.043,-2.89,11295.0,1648940.3,1.482,1.482,1.44,1.488,2.82,2.68,1.38,-6.67,3925.0,7370.0,-138759.0,-8.42,0.0,0.0,-138759.0,-8.42,161778.0,9.81,-23019.0,-1.4,-13.0,1.447,1.448,42196551.0,60974016,60974016,2026-08-24,2026-08-24 11:54:24+08:00
515860,科技ETF嘉实,2.046,2.0465,0.02,-0.061,-2.9,14984.0,3095403.0,2.125,2.125,2.041,2.107,3.99,1.47,0.79,0.07,5840.0,9144.0,-142303.0,-4.6,3568.0,0.12,-145871.0,-4.71,-68917.0,-2.23,211220.0,6.82,10.0,2.045,2.046,101878900.0,208444229,208444229,2026-08-24,2026-08-24 11:53:59+08:00
159533,中证2000ETF博时,1.876,1.8751,-0.05,-0.056,-2.9,12165.0,2306896.8,1.914,1.925,1.87,1.932,2.85,8.41,0.78,-87.71,6563.0,5602.0,-1352.0,-0.06,0.0,0.0,-1352.0,-0.06,-141749.0,-6.14,143101.0,6.2,3.0,1.87,1.912,14458785.0,27124681,27124681,2026-08-24,2026-08-24 11:53:54+08:00
515920,智能消费ETF博时,1.169,1.1715,0.21,-0.035,-2.91,41760.0,4975959.0,1.206,1.206,1.164,1.204,3.49,6.48,5.25,-0.79,30409.0,11351.0,-446386.0,-8.97,-1764690.0,-35.46,1318304.0,26.49,362088.0,7.28,84297.0,1.69,1800.0,1.166,1.171,64405700.0,75290263,75290263,2026-08-24,2026-08-24 11:54:18+08:00
563210,专精特新ETF富国,1.999,1.9935,-0.28,-0.06,-2.91,52731.0,10609879.0,2.05,2.057,1.978,2.059,3.84,4.32,1.1,7.55,24536.0,28195.0,-644839.0,-6.08,125467.0,1.18,-770306.0,-7.26,-592942.0,-5.59,1237783.0,11.67,45.0,1.986,1.999,122067000.0,244011933,244011933,2026-08-24,2026-08-24 11:54:05+08:00
159048,机器人ETF大成,0.831,0.8315,0.06,-0.025,-2.92,117853.0,9876657.3,0.855,0.856,0.826,0.856,3.5,5.9,0.92,-61.73,49329.0,68524.0,604107.0,6.12,-264157.0,-2.67,868264.0,8.79,-1320284.0,-13.37,716177.0,7.25,-2.0,0.831,0.835,199803897.0,166037038,166037038,2026-08-24,2026-08-24 11:54:30+08:00
159291,创业板综增强ETF招商,1.162,1.1619,-0.01,-0.035,-2.92,609.0,71654.5,1.192,1.199,1.162,1.197,3.09,0.35,0.08,1.43,174.0,435.0,33629.0,46.93,0.0,0.0,33629.0,46.93,2896.0,4.04,-36524.0,-50.97,-2.0,1.161,1.163,17457388.0,20285485,20285485,2026-08-24,2026-08-24 11:54:21+08:00
159575,创业板200ETF银华,1.365,1.369,0.29,-0.041,-2.92,3271.0,449911.7,1.406,1.406,1.363,1.406,3.06,2.87,0.87,-0.75,1155.0,2116.0,-142914.0,-31.76,0.0,0.0,-142914.0,-31.76,140792.0,31.29,2122.0,0.47,70.0,1.365,1.368,11410425.0,15575230,15575230,2026-08-24,2026-08-24 11:54:30+08:00
512720,计算机ETF国泰,1.127,1.1287,0.15,-0.034,-2.93,131342.0,14973174.0,1.155,1.161,1.125,1.161,3.1,3.59,0.94,72.37,66321.0,65021.0,-777687.0,-5.19,9717.0,0.06,-787404.0,-5.26,439719.0,2.94,337967.0,2.26,756.0,1.127,1.132,365453408.0,411865991,411865991,2026-08-24,2026-08-24 11:54:24+08:00
560990,科技先锋ETF中金,1.125,1.1271,0.19,-0.034,-2.93,6313.0,717397.0,1.155,1.155,1.122,1.159,2.85,3.47,1.85,-81.7,2055.0,4258.0,37020.0,5.16,0.0,0.0,37020.0,5.16,0.0,0.0,-37020.0,-5.16,1.0,1.118,1.129,18187100.0,20460488,20460488,2026-08-24,2026-08-24 11:54:04+08:00
563790,卫星ETF鹏华,0.795,0.7941,-0.11,-0.024,-2.93,399461.0,32042181.0,0.817,0.818,0.79,0.819,3.42,3.27,0.9,-11.75,99138.0,300323.0,-3065051.0,-9.57,-2867993.0,-8.95,-197058.0,-0.61,780300.0,2.44,2284750.0,7.13,342.0,0.793,0.796,1223447008.0,972640371,972640371,2026-08-24,2026-08-24 11:53:57+08:00
159530,机器人ETF易方达,1.291,1.2914,0.03,-0.039,-2.93,3370010.0,438151859.6,1.325,1.327,1.28,1.33,3.53,2.59,0.9,-50.34,1301691.0,2068319.0,-38022803.0,-8.68,-11552652.0,-2.64,-26470151.0,-6.04,-12921940.0,-2.95,50944743.0,11.63,22.0,1.29,1.291,12991613184.0,16772172621,16772172621,2026-08-24,2026-08-24 11:54:21+08:00
512630,卫星ETF广发,1.058,1.0567,-0.12,-0.032,-2.94,679918.0,72575948.0,1.084,1.089,1.05,1.09,3.58,3.92,0.87,12.19,253366.0,426552.0,-5106780.0,-7.04,-6574637.0,-9.06,1467857.0,2.02,-816444.0,-1.12,5923224.0,8.16,10.0,1.058,1.059,1736426000.0,1837138708,1837138708,2026-08-24,2026-08-24 11:54:25+08:00
589220,科创200ETF国泰,0.989,0.9876,-0.14,-0.03,-2.94,241665.0,24076899.0,1.015,1.026,0.985,1.019,4.02,7.56,1.25,47.86,122888.0,118777.0,-983248.0,-4.08,-223103.0,-0.93,-760145.0,-3.16,932649.0,3.87,50600.0,0.21,-96.0,0.989,0.99,319495808.0,315981354,315981354,2026-08-24,2026-08-24 11:53:59+08:00
159743,湖北ETF博时,1.352,1.357,0.37,-0.041,-2.94,4225.0,577920.3,1.393,1.397,1.352,1.393,3.23,0.38,1.06,16.0,2395.0,1830.0,-44682.0,-7.73,0.0,0.0,-44682.0,-7.73,-42322.0,-7.32,87004.0,15.05,-2.0,1.352,1.389,109941100.0,148640367,148640367,2026-08-24,2026-08-24 11:54:06+08:00
159929,医药ETF汇添富,1.322,1.323,0.08,-0.04,-2.94,419509.0,55963482.0,1.352,1.361,1.318,1.362,3.16,2.52,1.23,5.34,164728.0,254781.0,-3541669.0,-6.33,-22289.0,-0.04,-3519380.0,-6.29,-420277.0,-0.75,3961945.0,7.08,10.0,1.321,1.322,1666704208.0,2203382963,2203382963,2026-08-24,2026-08-24 11:53:54+08:00
589580,科创综指ETF兴银,1.519,1.5219,0.19,-0.046,-2.94,664.0,101666.0,1.55,1.55,1.517,1.565,2.11,0.46,0.07,70.39,271.0,393.0,62177.0,61.16,0.0,0.0,62177.0,61.16,0.0,0.0,-62177.0,-61.16,-5.0,1.51,1.546,14354800.0,21804941,21804941,2026-08-24,2026-08-24 11:53:51+08:00
563230,卫星ETF富国,1.051,1.0507,-0.03,-0.032,-2.95,1087037.0,115447848.0,1.075,1.082,1.045,1.083,3.42,3.1,0.79,10.56,427547.0,659490.0,-11614981.0,-10.06,-5279378.0,-4.57,-6335603.0,-5.49,-77940.0,-0.07,11692921.0,10.13,39.0,1.05,1.051,3509237008.0,3688208095,3688208095,2026-08-24,2026-08-24 11:54:11+08:00
159777,创科技ETF国联安,1.21,1.2096,-0.03,-0.037,-2.97,16951.0,2069738.0,1.246,1.246,1.206,1.247,3.21,5.99,1.54,33.28,7950.0,9001.0,288464.0,13.94,0.0,0.0,288464.0,13.94,-306454.0,-14.81,17990.0,0.87,1.0,1.207,1.211,28280565.0,34219484,34219484,2026-08-24,2026-08-24 11:53:57+08:00
159288,创业板综ETF银华,0.976,0.9786,0.27,-0.03,-2.98,5980.0,590073.9,0.998,0.998,0.974,1.006,2.39,0.65,0.68,91.74,1652.0,4328.0,33677.0,5.71,0.0,0.0,33677.0,5.71,18925.0,3.21,-52601.0,-8.91,-2.0,0.976,0.977,92174931.0,89962733,89962733,2026-08-24,2026-08-24 11:54:30+08:00
589200,科创200ETF工银,1.333,1.3336,0.04,-0.041,-2.98,23742.0,3205135.0,1.375,1.38,1.329,1.374,3.71,10.55,1.71,-59.42,10013.0,13729.0,272780.0,8.51,147657.0,4.61,125123.0,3.9,-278120.0,-8.68,5341.0,0.17,-1.0,1.329,1.373,22507000.0,30001831,30001831,2026-08-24,2026-08-24 11:54:08+08:00
159676,创业板增强ETF富国,1.593,1.5912,-0.11,-0.049,-2.98,72023.0,11600173.484,1.642,1.647,1.588,1.642,3.59,5.97,1.0,24.1,27275.0,44748.0,-149577.0,-1.29,0.0,0.0,-149577.0,-1.29,-2588147.0,-22.31,2737725.0,23.6,8.0,1.591,1.593,120564183.0,192058744,192058744,2026-08-24,2026-08-24 11:54:33+08:00
526010,港股通医疗ETF汇添富,1.038,1.0398,0.17,-0.032,-2.99,51919.0,5446398.0,1.076,1.076,1.032,1.07,4.11,11.18,0.61,-34.46,33221.0,18698.0,245808.0,4.51,-1614990.0,-29.65,1860798.0,34.17,-180898.0,-3.32,-64908.0,-1.19,273.0,1.032,1.04,46458000.0,48223404,48223404,2026-08-24,2026-08-24 11:54:04+08:00
562360,机器人ETF银华,1.005,1.0058,0.08,-0.031,-2.99,96270.0,9758299.0,1.035,1.035,1.0,1.036,3.38,3.2,0.96,7.96,37670.0,58600.0,-512945.0,-5.26,333910.0,3.42,-846855.0,-8.68,-382485.0,-3.92,895429.0,9.18,-20.0,1.006,1.007,300474000.0,301976370,301976370,2026-08-24,2026-08-24 11:54:02+08:00
158003,港股通医疗ETF嘉实,1.005,1.0093,0.43,-0.031,-2.99,251829.0,25579397.96,1.035,1.04,0.997,1.036,4.15,14.84,0.45,-22.36,155765.0,96063.0,-2563368.0,-10.02,-11859137.0,-46.36,9295769.0,36.34,2178029.0,8.51,385338.0,1.51,-3567.0,1.004,1.006,169654396.0,170502668,170502668,2026-08-24,2026-08-24 11:54:09+08:00
588820,科创200ETF华夏,1.882,1.8808,-0.06,-0.058,-2.99,79620.0,15202447.0,1.94,1.952,1.871,1.94,4.18,5.16,1.26,18.03,36001.0,43619.0,1284248.0,8.45,-4681.0,-0.03,1288929.0,8.48,-1239138.0,-8.15,-45109.0,-0.3,30.0,1.879,1.882,154400000.0,290580800,290580800,2026-08-24,2026-08-24 11:54:01+08:00
588520,科创增强ETF永赢,1.39,1.3898,-0.01,-0.043,-3.0,2304.0,322064.0,1.428,1.428,1.385,1.433,3.0,1.78,0.46,24.21,664.0,1640.0,-115630.0,-35.9,0.0,0.0,-115630.0,-35.9,-53128.0,-16.5,168758.0,52.4,-35.0,1.39,1.4,12957000.0,18010230,18010230,2026-08-24,2026-08-24 11:53:42+08:00
159559,机器人ETF景顺,1.166,1.1663,0.03,-0.036,-3.0,592703.0,69579035.8,1.196,1.2,1.157,1.202,3.58,2.92,1.12,56.07,213080.0,379623.0,2985881.0,4.29,4963163.0,7.13,-1977282.0,-2.84,-6177519.0,-8.88,3191637.0,4.59,5.0,1.165,1.166,2032576624.0,2369984344,2369984344,2026-08-24,2026-08-24 11:54:15+08:00
159998,计算机ETF天弘,0.938,0.9393,0.14,-0.029,-3.0,452469.0,42913266.1,0.967,0.967,0.936,0.967,3.21,2.82,0.81,3.3,178572.0,273897.0,-367643.0,-0.86,-3594990.0,-8.38,3227347.0,7.52,206659.0,0.48,160983.0,0.38,522.0,0.937,0.938,1605455360.0,1505917128,1505917128,2026-08-24,2026-08-24 11:53:39+08:00
159218,卫星ETF招商,1.288,1.2888,0.06,-0.04,-3.01,476854.0,62074743.7,1.317,1.327,1.28,1.328,3.54,2.28,0.83,-2.28,185113.0,291741.0,-4234881.0,-6.82,707642.0,1.14,-4942523.0,-7.96,-733775.0,-1.18,4968656.0,8.0,52.0,1.286,1.288,2091616384.0,2694001903,2694001903,2026-08-24,2026-08-24 11:54:33+08:00
563530,卫星ETF易方达,1.056,1.0564,0.04,-0.033,-3.03,628078.0,67053309.0,1.085,1.089,1.05,1.089,3.58,3.84,1.0,-6.81,232121.0,395957.0,-1819102.0,-2.71,-1581571.0,-2.36,-237531.0,-0.35,-2273709.0,-3.39,4092811.0,6.1,-193.0,1.056,1.058,1635748000.0,1727349888,1727349888,2026-08-24,2026-08-24 11:54:04+08:00
159807,科技ETF易方达,0.895,0.8992,0.47,-0.028,-3.03,435466.0,39510436.8,0.921,0.923,0.892,0.923,3.36,4.87,1.91,32.43,252380.0,183086.0,-2744559.0,-6.95,-9369160.0,-23.71,6624601.0,16.77,1370340.0,3.47,1374220.0,3.48,-8.0,0.896,0.899,895051424.0,801071024,801071024,2026-08-24,2026-08-24 11:54:00+08:00
588230,科创200ETF华泰柏瑞,1.754,1.7511,-0.17,-0.055,-3.04,430919.0,76561374.0,1.807,1.814,1.741,1.809,4.04,5.72,1.21,-60.84,211778.0,219141.0,-762382.0,-1.0,-2031492.0,-2.65,1269110.0,1.66,-1542620.0,-2.01,2305001.0,3.01,1.0,1.75,1.753,752939008.0,1320655020,1320655020,2026-08-24,2026-08-24 11:53:57+08:00
515960,医药ETF嘉实,0.83,0.8324,0.29,-0.026,-3.04,36000.0,3026952.0,0.853,0.869,0.829,0.856,4.67,1.5,1.04,-3.35,6813.0,29187.0,-151553.0,-5.01,-469560.0,-15.51,318007.0,10.51,113754.0,3.76,37800.0,1.25,-8.0,0.829,0.843,239991900.0,199193277,199193277,2026-08-24,2026-08-24 11:53:56+08:00
159366,港股医疗ETF永赢,1.458,1.4509,-0.49,-0.046,-3.06,778039.0,114924600.2,1.502,1.513,1.449,1.504,4.26,29.43,0.72,-15.54,340377.0,437662.0,3805892.0,3.31,-1022273.0,-0.89,4828165.0,4.2,-2641008.0,-2.3,-1164885.0,-1.01,-600.0,1.457,1.458,264333072.0,385397619,385397619,2026-08-24,2026-08-24 11:54:24+08:00
159278,机器人ETF鹏华,0.918,0.9187,0.08,-0.029,-3.06,879129.0,81257373.1,0.942,0.944,0.911,0.947,3.48,4.11,0.96,17.19,301354.0,577775.0,-11889425.0,-14.63,-3742453.0,-4.61,-8146972.0,-10.03,2907025.0,3.58,8982400.0,11.05,50.0,0.917,0.918,2136545856.0,1961349096,1961349096,2026-08-24,2026-08-24 11:54:06+08:00
588950,科创50ETF景顺,1.677,1.6749,-0.13,-0.053,-3.06,272015.0,46058243.0,1.73,1.731,1.666,1.73,3.76,4.09,0.92,-57.33,92012.0,180003.0,-10429792.0,-22.64,-2984154.0,-6.48,-7445638.0,-16.17,-488409.0,-1.06,10918201.0,23.71,22.0,1.675,1.677,665729696.0,1116428700,1116428700,2026-08-24,2026-08-24 11:53:49+08:00
588240,科创200ETF鹏华,1.618,1.6149,-0.19,-0.051,-3.06,382366.0,62682058.0,1.673,1.677,1.608,1.669,4.13,30.44,2.1,-12.25,184533.0,197833.0,-1007596.0,-1.61,3725177.0,5.94,-4732773.0,-7.55,968460.0,1.55,39137.0,0.06,-31.0,1.614,1.618,125633000.0,203274194,203274194,2026-08-24,2026-08-24 11:53:44+08:00
562050,药ETF华宝,0.915,0.9131,-0.21,-0.029,-3.07,85929.0,7895175.0,0.934,0.947,0.91,0.944,3.92,8.64,2.0,49.41,51026.0,34903.0,-1630714.0,-20.65,3377.0,0.04,-1634091.0,-20.7,944380.0,11.96,686334.0,8.69,110.0,0.912,0.92,99468000.0,91013220,91013220,2026-08-24,2026-08-24 11:54:05+08:00
588270,科创200ETF易方达,1.643,1.6445,0.09,-0.052,-3.07,247966.0,41410193.0,1.695,1.708,1.635,1.695,4.31,8.48,3.0,34.41,152861.0,95105.0,1740733.0,4.2,-11846179.0,-28.61,13586912.0,32.81,-1933733.0,-4.67,193000.0,0.47,16.0,1.643,1.652,292410000.0,480429630,480429630,2026-08-24,2026-08-24 11:53:58+08:00
159804,创中盘88ETF国寿,1.579,1.5819,0.18,-0.05,-3.07,685.0,108547.9,1.61,1.61,1.579,1.629,1.9,0.43,1.3,-0.43,32.0,653.0,2377.0,2.19,0.0,0.0,2377.0,2.19,2893.0,2.67,-5270.0,-4.86,-305.0,1.58,1.583,15899676.0,25105588,25105588,2026-08-24,2026-08-24 11:54:24+08:00
512290,生物医药ETF国泰,1.038,1.0395,0.14,-0.033,-3.08,1185423.0,124347648.0,1.067,1.079,1.033,1.071,4.3,3.74,1.67,57.64,496926.0,688497.0,-21159612.0,-17.02,-13982946.0,-11.25,-7176666.0,-5.77,8993400.0,7.23,12166212.0,9.78,-71.0,1.038,1.039,3169820704.0,3290273891,3290273891,2026-08-24,2026-08-24 11:54:17+08:00
510660,医药ETF华夏,2.48,2.4854,0.22,-0.079,-3.09,27731.0,6946295.0,2.542,2.555,2.473,2.559,3.2,5.29,0.95,-61.75,12586.0,15145.0,1515628.0,21.82,0.0,0.0,1515628.0,21.82,-1765277.0,-25.41,249648.0,3.59,-15.0,2.481,2.484,52379700.0,129901656,129901656,2026-08-24,2026-08-24 11:54:18+08:00
159287,创业板综ETF博时,1.096,1.0981,0.19,-0.035,-3.09,34022.0,3780046.5,1.137,1.137,1.094,1.131,3.8,3.11,1.1,93.69,14526.0,19496.0,-375518.0,-9.93,0.0,0.0,-375518.0,-9.93,-67740.0,-1.79,443259.0,11.73,-20.0,1.096,1.101,109568753.0,120087353,120087353,2026-08-24,2026-08-24 11:54:18+08:00
159290,创业板综指增强ETF东财,1.127,1.1281,0.1,-0.036,-3.1,12289.0,1397497.7,1.161,1.162,1.125,1.163,3.18,2.72,0.84,37.85,7285.0,5004.0,-293265.0,-20.99,0.0,0.0,-293265.0,-20.99,-155522.0,-11.13,448786.0,32.11,4.0,1.126,1.129,45100396.0,50828146,50828146,2026-08-24,2026-08-24 11:54:12+08:00
520650,港股通互联网ETF南方,0.594,0.5938,-0.03,-0.019,-3.1,992247.0,59021017.0,0.606,0.606,0.591,0.613,2.45,4.0,1.35,-28.43,463745.0,528502.0,-514130.0,-0.87,-42857.0,-0.07,-471273.0,-0.8,132687.0,0.22,381445.0,0.65,2602.0,0.593,0.594,2482255008.0,1474459475,1474459475,2026-08-24,2026-08-24 11:54:18+08:00
588870,科创50ETF汇添富,1.626,1.6227,-0.2,-0.052,-3.1,559208.0,91860612.0,1.679,1.68,1.615,1.678,3.87,7.31,1.43,31.54,233543.0,325665.0,-23004747.0,-25.04,-3676785.0,-4.0,-19327962.0,-21.04,791291.0,0.86,22213456.0,24.18,218.0,1.623,1.625,764552000.0,1243161552,1243161552,2026-08-24,2026-08-24 11:53:58+08:00
159272,机器人ETF富国,0.78,0.7787,-0.17,-0.025,-3.11,1264392.0,99215501.717,0.8,0.802,0.774,0.805,3.48,3.34,1.02,30.24,375721.0,888671.0,-16151732.0,-16.28,-10043568.0,-10.12,-6108164.0,-6.16,7388679.0,7.45,8763052.0,8.83,6.0,0.779,0.78,3788164688.0,2954768457,2954768457,2026-08-24,2026-08-24 11:54:30+08:00
159107,创业板软件ETF富国,0.716,0.717,0.14,-0.023,-3.11,466231.0,33763864.1,0.738,0.74,0.714,0.739,3.52,6.0,0.84,69.35,139618.0,326613.0,-4891856.0,-14.49,-4809133.0,-14.24,-82723.0,-0.25,1927413.0,5.71,2964444.0,8.78,-33.0,0.716,0.717,776823008.0,556205274,556205274,2026-08-24,2026-08-24 11:53:48+08:00
588140,科创200ETF广发,1.177,1.1793,0.2,-0.038,-3.13,55761.0,6630529.0,1.201,1.222,1.173,1.215,4.03,2.31,1.12,27.25,25226.0,30535.0,-1003144.0,-15.13,-1457007.0,-21.97,453863.0,6.85,740150.0,11.16,262994.0,3.97,-12.0,1.177,1.18,241751000.0,284540927,284540927,2026-08-24,2026-08-24 11:53:57+08:00
159729,互联网ETF汇添富,0.68,0.6841,0.6,-0.022,-3.13,4770.0,327690.8,0.694,0.694,0.68,0.702,1.99,0.71,1.12,-20.79,869.0,3901.0,28252.0,8.62,0.0,0.0,28252.0,8.62,-56853.0,-17.35,28601.0,8.73,-42.0,0.681,0.687,66760633.0,45397230,45397230,2026-08-24,2026-08-24 11:54:27+08:00
159167,港股通医疗ETF工银,0.959,0.9618,0.29,-0.031,-3.13,341037.0,33149573.186,0.996,1.028,0.955,0.99,7.37,18.09,1.02,-5.79,180403.0,160634.0,-2423131.0,-7.31,-3783965.0,-11.41,1360834.0,4.11,1800712.0,5.43,622420.0,1.88,36.0,0.958,0.96,188549164.0,180818648,180818648,2026-08-24,2026-08-24 11:53:57+08:00
159298,创业板50ETF大成,1.202,1.1995,-0.21,-0.039,-3.14,48990.0,5973770.3,1.241,1.243,1.199,1.241,3.55,3.11,1.44,-5.5,16357.0,32633.0,-1000070.0,-16.74,54268.0,0.91,-1054338.0,-17.65,266138.0,4.46,733931.0,12.29,-10.0,1.199,1.202,157281082.0,189051861,189051861,2026-08-24,2026-08-24 11:54:27+08:00
512330,信息科技ETF南方,1.817,1.819,0.11,-0.059,-3.14,22786.0,4202485.0,1.88,1.88,1.805,1.876,4.0,0.64,1.03,23.44,14521.0,8265.0,474027.0,11.28,0.0,0.0,474027.0,11.28,-609990.0,-14.51,135964.0,3.24,8.0,1.811,1.843,356688000.0,648102096,648102096,2026-08-24,2026-08-24 11:54:16+08:00
562570,信创ETF华夏,1.32,1.3196,-0.03,-0.043,-3.15,45520.0,6072997.0,1.366,1.366,1.316,1.363,3.67,1.5,0.6,14.2,24625.0,20895.0,-1257355.0,-20.7,-429988.0,-7.08,-827367.0,-13.62,269323.0,4.43,988033.0,16.27,50.0,1.318,1.32,304281008.0,401650931,401650931,2026-08-24,2026-08-24 11:54:06+08:00
159196,港股通信息技术ETF易方达,1.199,1.1962,-0.23,-0.039,-3.15,807938.0,98183177.9,1.246,1.248,1.197,1.238,4.12,36.31,0.85,36.08,348809.0,459129.0,-11832564.0,-12.05,478502.0,0.49,-12311066.0,-12.54,8284687.0,8.44,3547877.0,3.61,374.0,1.198,1.199,222530324.0,266813858,266813858,2026-08-24,2026-08-24 11:54:33+08:00
588720,科创50ETF中银,1.63,1.631,0.06,-0.053,-3.15,38176.0,6268661.0,1.675,1.682,1.622,1.683,3.57,3.56,1.31,23.73,21249.0,16927.0,-341658.0,-5.45,-1573708.0,-25.1,1232050.0,19.65,-167966.0,-2.68,509624.0,8.13,900.0,1.629,1.63,107241800.0,174804134,174804134,2026-08-24,2026-08-24 11:53:45+08:00
159541,创业板综ETF万家,1.505,1.5008,-0.28,-0.049,-3.15,54578.0,8234740.0,1.55,1.551,1.499,1.554,3.35,8.86,2.12,13.32,32798.0,21780.0,248328.0,3.02,3153561.0,38.3,-2905233.0,-35.28,-339699.0,-4.13,91370.0,1.11,-1000.0,1.505,1.508,61593326.0,92697956,92697956,2026-08-24,2026-08-24 11:54:09+08:00
517850,张江ETF汇添富,1.255,1.2613,0.5,-0.041,-3.16,1287.0,163769.0,1.297,1.308,1.255,1.296,4.09,0.34,0.46,-0.04,295.0,992.0,-28608.0,-17.47,0.0,0.0,-28608.0,-17.47,19366.0,11.83,9242.0,5.64,-1.0,1.258,1.26,38185200.0,47922426,47922426,2026-08-24,2026-08-24 11:54:02+08:00
159012,科创创业50ETF鹏华,0.888,0.878,-1.14,-0.029,-3.16,51096.0,4556674.2,0.912,0.918,0.879,0.917,4.25,4.61,1.08,-80.05,13869.0,37227.0,-1444820.0,-31.71,-1460138.0,-32.04,15318.0,0.34,402316.0,8.83,1042504.0,22.88,120.0,0.879,0.888,110881148.0,98462459,98462459,2026-08-24,2026-08-24 11:54:18+08:00
589330,科创200ETF东财,0.855,0.8527,-0.27,-0.028,-3.17,31805.0,2752672.0,0.88,0.884,0.85,0.883,3.85,1.92,0.96,24.86,13948.0,17857.0,84704.0,3.08,0.0,0.0,84704.0,3.08,-308662.0,-11.21,223958.0,8.14,185.0,0.851,0.856,165902000.0,141846210,141846210,2026-08-24,2026-08-24 11:53:58+08:00
589150,科创50ETF平安,1.159,1.1556,-0.29,-0.038,-3.17,99318.0,11627218.0,1.193,1.204,1.152,1.197,4.34,1.28,1.32,84.92,35593.0,63725.0,-1381693.0,-11.88,-834949.0,-7.18,-546744.0,-4.7,-472175.0,-4.06,1853868.0,15.94,247.0,1.156,1.168,775437200.0,898731715,898731715,2026-08-24,2026-08-24 11:53:45+08:00
563050,央企科技ETF易方达,1.283,1.2831,0.01,-0.042,-3.17,54105.0,7030618.0,1.326,1.326,1.277,1.325,3.7,4.22,1.47,2.45,16772.0,37333.0,-1967035.0,-27.98,-413199.0,-5.88,-1553836.0,-22.1,687136.0,9.77,1279900.0,18.2,10.0,1.281,1.282,128208400.0,164491377,164491377,2026-08-24,2026-08-24 11:54:10+08:00
159895,物联网ETF易方达,1.34,1.3447,0.35,-0.044,-3.18,22841.0,3108480.9,1.39,1.39,1.34,1.384,3.61,3.08,1.08,81.98,10970.0,11871.0,3863.0,0.12,0.0,0.0,3863.0,0.12,-31332.0,-1.01,27469.0,0.88,1.0,1.34,1.383,74241864.0,99484098,99484098,2026-08-24,2026-08-24 11:54:15+08:00
159572,创业板200ETF易方达,1.402,1.4024,0.03,-0.046,-3.18,83330.0,11779899.0,1.431,1.45,1.396,1.448,3.73,4.44,1.41,-29.25,30567.0,52763.0,207861.0,1.76,0.0,0.0,207861.0,1.76,690286.0,5.86,-898147.0,-7.62,-2.0,1.4,1.403,187749107.0,263224248,263224248,2026-08-24,2026-08-24 11:53:39+08:00
589180,科创新材料ETF汇添富,1.703,1.7018,-0.07,-0.056,-3.18,148937.0,25679215.0,1.756,1.761,1.691,1.759,3.98,10.61,1.14,-0.83,73264.0,75673.0,-78390.0,-0.31,0.0,0.0,-78390.0,-0.31,-1240752.0,-4.83,1319142.0,5.14,50.0,1.7,1.704,140318000.0,238961554,238961554,2026-08-24,2026-08-24 11:53:41+08:00
562030,信创ETF华宝,0.486,0.4847,-0.27,-0.016,-3.19,30848.0,1521185.0,0.502,0.502,0.486,0.502,3.19,2.19,1.21,89.27,9918.0,20930.0,-163974.0,-10.78,-166703.0,-10.96,2729.0,0.18,-13120.0,-0.86,177095.0,11.64,-109.0,0.487,0.488,140973900.0,68513315,68513315,2026-08-24,2026-08-24 11:53:55+08:00
513560,香港科技ETF兴银,1.124,1.1205,-0.31,-0.037,-3.19,170976.0,19366044.0,1.15,1.15,1.122,1.161,2.41,3.22,1.73,20.09,67395.0,103581.0,-1890575.0,-9.76,985462.0,5.09,-2876037.0,-14.85,268865.0,1.39,1621710.0,8.37,404.0,1.122,1.124,531386000.0,597277864,597277864,2026-08-24,2026-08-24 11:54:14+08:00
588080,科创50ETF易方达,1.638,1.6374,-0.04,-0.054,-3.19,6390250.0,1059369458.0,1.693,1.693,1.628,1.692,3.84,2.59,1.19,-22.94,2803849.0,3586401.0,-150300175.0,-14.19,-154673695.0,-14.6,4373520.0,0.41,56459979.0,5.33,93840201.0,8.86,101.0,1.637,1.638,24631628032.0,40346606716,40346606716,2026-08-24,2026-08-24 11:54:08+08:00
589500,科创综指ETF工银,1.542,1.5435,0.1,-0.051,-3.2,25898.0,4031724.0,1.593,1.596,1.533,1.593,3.95,3.23,1.08,-6.8,17664.0,8234.0,268318.0,6.66,292790.0,7.26,-24472.0,-0.61,-302123.0,-7.49,33805.0,0.84,10.0,1.541,1.542,80064000.0,123458688,123458688,2026-08-24,2026-08-24 11:53:53+08:00
588840,科创50ETF万家,1.482,1.4795,-0.17,-0.049,-3.2,28434.0,4255362.0,1.531,1.531,1.475,1.531,3.66,4.88,0.94,47.4,13860.0,14574.0,-79923.0,-1.88,-43632.0,-1.03,-36291.0,-0.85,-861998.0,-20.26,941921.0,22.13,50.0,1.482,1.49,58236000.0,86305752,86305752,2026-08-24,2026-08-24 11:53:58+08:00
588000,科创50ETF华夏,1.689,1.6894,0.02,-0.056,-3.21,25094515.0,4283588032.0,1.741,1.743,1.68,1.745,3.61,5.04,1.26,-41.22,11607448.0,13487066.0,-833230864.0,-19.45,-939382032.0,-21.93,106151168.0,2.48,265607520.0,6.2,567623340.0,13.25,135.0,1.688,1.689,49766668288.0,84055902738,84055902738,2026-08-24,2026-08-24 11:53:44+08:00
561220,数字经济ETF工银,1.748,1.7516,0.21,-0.058,-3.21,19188.0,3403164.0,1.789,1.79,1.744,1.806,2.55,4.17,1.21,-11.63,9083.0,10105.0,-430355.0,-12.65,0.0,0.0,-430355.0,-12.65,345581.0,10.15,84774.0,2.49,-4.0,1.746,1.818,46053000.0,80500644,80500644,2026-08-24,2026-08-24 11:54:18+08:00
589850,科创50ETF东财,1.539,1.5361,-0.19,-0.051,-3.21,619155.0,96178025.0,1.587,1.588,1.529,1.59,3.71,8.66,1.33,34.31,235241.0,383914.0,-37291394.0,-38.77,-38297202.0,-39.82,1005808.0,1.05,7667779.0,7.97,29623614.0,30.8,-14.0,1.539,1.54,715057008.0,1100472735,1100472735,2026-08-24,2026-08-24 11:53:45+08:00
513240,港股通信息技术ETF华安,0.992,0.9895,-0.25,-0.033,-3.22,383720.0,38530705.0,1.03,1.032,0.991,1.025,4.0,35.04,0.94,57.94,142554.0,241166.0,-4524642.0,-11.74,-536973.0,-1.39,-3987669.0,-10.35,3117792.0,8.09,1406850.0,3.65,90.0,0.992,0.993,109496000.0,108620032,108620032,2026-08-24,2026-08-24 11:54:14+08:00
520850,港股通医疗ETF易方达,0.901,0.9023,0.14,-0.03,-3.22,268249.0,24460503.0,0.933,0.937,0.898,0.931,4.19,18.73,0.78,36.74,126171.0,142078.0,98339.0,0.4,302229.0,1.24,-203890.0,-0.83,-509240.0,-2.08,410901.0,1.68,-1.0,0.901,0.903,143249600.0,129067890,129067890,2026-08-24,2026-08-24 11:53:55+08:00
520630,港股通互联网ETF广发,0.659,0.6593,0.05,-0.022,-3.23,81608.0,5405938.0,0.671,0.671,0.655,0.681,2.35,1.36,0.58,-0.42,35236.0,46372.0,-970532.0,-17.95,-318251.0,-5.89,-652281.0,-12.07,167447.0,3.1,803086.0,14.86,55.0,0.658,0.66,599610000.0,395142990,395142990,2026-08-24,2026-08-24 11:54:02+08:00
589900,科创综指ETF博时,1.527,1.5234,-0.24,-0.051,-3.23,116115.0,17914464.0,1.564,1.574,1.515,1.578,3.74,6.31,1.7,4.05,52335.0,63780.0,1091216.0,6.09,0.0,0.0,1091216.0,6.09,-1210479.0,-6.76,119262.0,0.67,-801.0,1.518,1.526,183908200.0,280827821,280827821,2026-08-24,2026-08-24 11:53:43+08:00
588680,科创100增强ETF广发,2.55,2.5481,-0.07,-0.085,-3.23,4762.0,1228157.0,2.609,2.679,2.543,2.635,5.16,1.47,0.5,51.32,1592.0,3170.0,-79290.0,-6.46,0.0,0.0,-79290.0,-6.46,-51526.0,-4.2,130816.0,10.65,1000.0,2.55,2.599,32361000.0,82520550,82520550,2026-08-24,2026-08-24 11:54:07+08:00
520910,港股通互联网ETF华夏,0.63,0.6283,-0.27,-0.021,-3.23,218415.0,13821914.0,0.638,0.643,0.627,0.651,2.46,2.91,0.85,27.87,86729.0,131686.0,-1674224.0,-12.11,-321181.0,-2.32,-1353043.0,-9.79,1093531.0,7.91,580692.0,4.2,-10.0,0.63,0.631,751445008.0,473410355,473410355,2026-08-24,2026-08-24 11:53:53+08:00
588060,科创50ETF广发,1.017,1.0166,-0.04,-0.034,-3.24,2720032.0,279670416.0,1.05,1.05,1.011,1.051,3.71,3.81,1.33,78.01,1188845.0,1531187.0,-76955260.0,-27.52,-66921091.0,-23.93,-10034169.0,-3.59,33441851.0,11.96,43513409.0,15.56,20.0,1.015,1.017,7147140096.0,7268641478,7268641478,2026-08-24,2026-08-24 11:53:49+08:00
588180,科创50ETF国联安,1.046,1.047,0.1,-0.035,-3.24,184252.0,19556219.0,1.08,1.081,1.04,1.081,3.79,2.52,1.33,64.2,62481.0,121771.0,-3147291.0,-16.09,-1710818.0,-8.75,-1436473.0,-7.35,772433.0,3.95,2374857.0,12.14,-249.0,1.045,1.046,731353696.0,764995966,764995966,2026-08-24,2026-08-24 11:53:44+08:00
159836,创业板300ETF天弘,1.256,1.2549,-0.09,-0.042,-3.24,13891.0,1762500.0,1.293,1.293,1.251,1.298,3.24,1.22,1.18,43.41,5982.0,7909.0,-379241.0,-21.52,-389068.0,-22.07,9827.0,0.56,118153.0,6.7,261089.0,14.81,20.0,1.254,1.255,113747113.0,142866374,142866374,2026-08-24,2026-08-24 11:54:09+08:00
513620,港股医疗ETF银华,1.1,1.1018,0.16,-0.037,-3.25,126386.0,14006462.0,1.137,1.148,1.097,1.137,4.49,21.34,0.81,74.91,67813.0,58573.0,824086.0,5.88,0.0,0.0,824086.0,5.88,-747881.0,-5.34,-76206.0,-0.54,-532.0,1.099,1.102,59216000.0,65137600,65137600,2026-08-24,2026-08-24 11:53:58+08:00
589060,科创综指ETF东财,1.6,1.5978,-0.14,-0.054,-3.26,20915.0,3359582.0,1.65,1.656,1.323,1.654,20.13,2.71,1.14,-3.53,7689.0,13226.0,-307633.0,-9.16,0.0,0.0,-307633.0,-9.16,-512689.0,-15.26,820322.0,24.42,20.0,1.598,1.601,77137900.0,123420640,123420640,2026-08-24,2026-08-24 11:53:42+08:00
588010,科创新材料ETF博时,1.038,1.0388,0.08,-0.035,-3.26,905005.0,95197824.0,1.072,1.074,1.031,1.073,4.01,9.23,0.98,21.87,382400.0,522605.0,-3698691.0,-3.89,-11593704.0,-12.18,7895013.0,8.29,2092786.0,2.2,1605904.0,1.69,-18.0,1.038,1.04,980425808.0,1017681989,1017681989,2026-08-24,2026-08-24 11:53:56+08:00
588940,科创50ETF富国,0.829,0.8284,-0.07,-0.028,-3.27,1029714.0,86182664.0,0.856,0.856,0.824,0.857,3.73,3.48,1.06,54.19,386019.0,643695.0,-25160151.0,-29.19,-23658510.0,-27.45,-1501641.0,-1.74,11195665.0,12.99,13964485.0,16.2,-4.0,0.828,0.83,2954840000.0,2449562360,2449562360,2026-08-24,2026-08-24 11:53:49+08:00
159205,创业板ETF东财,1.684,1.6813,-0.16,-0.057,-3.27,504903.0,86084770.699,1.741,1.744,1.678,1.741,3.79,9.54,1.36,-3.45,197240.0,307663.0,-28535974.0,-33.15,-7381662.0,-8.57,-21154312.0,-24.57,2164573.0,2.51,26371401.0,30.63,48.0,1.683,1.684,529056064.0,890930412,890930412,2026-08-24,2026-08-24 11:54:24+08:00
513720,港股互联网ETF国泰,0.65,0.6488,-0.18,-0.022,-3.27,90810.0,5931452.0,0.669,0.669,0.646,0.672,3.42,3.62,0.65,53.98,33740.0,57070.0,-87436.0,-1.47,327303.0,5.52,-414739.0,-6.99,-243597.0,-4.11,331035.0,5.58,200.0,0.649,0.65,250859000.0,163058350,163058350,2026-08-24,2026-08-24 11:53:54+08:00
520920,恒生科技ETF天弘,0.679,0.6816,0.38,-0.023,-3.28,1668928.0,114101072.0,0.697,0.697,0.678,0.702,2.71,0.89,1.6,-1.0,623611.0,1045317.0,-24854838.0,-21.78,-26181470.0,-22.95,1326632.0,1.16,15218215.0,13.34,9636622.0,8.45,2.0,0.678,0.679,18774019072.0,12747558950,12747558950,2026-08-24,2026-08-24 11:54:16+08:00
560850,信创ETF汇添富,1.298,1.3003,0.18,-0.044,-3.28,19598.0,2573272.0,1.33,1.33,1.296,1.342,2.53,2.79,1.73,-26.6,9695.0,9903.0,-82505.0,-3.21,0.0,0.0,-82505.0,-3.21,-111732.0,-4.34,194237.0,7.55,-1.0,1.297,1.315,70164000.0,91072872,91072872,2026-08-24,2026-08-24 11:54:12+08:00
562380,央企科技ETF银华,1.21,1.2139,0.32,-0.041,-3.28,16402.0,2013402.0,1.252,1.252,1.207,1.251,3.6,2.29,0.62,54.09,6483.0,9919.0,-267860.0,-13.3,-463563.0,-23.02,195703.0,9.72,-214510.0,-10.65,482370.0,23.96,522.0,1.21,1.221,71628900.0,86670969,86670969,2026-08-24,2026-08-24 11:54:14+08:00
159137,港股通医疗ETF华宝,0.97,0.9724,0.25,-0.033,-3.29,397953.0,38982698.1,1.002,1.01,0.966,1.003,4.39,25.25,0.8,13.23,200023.0,197930.0,802393.0,2.06,-2726416.0,-6.99,3528809.0,9.05,-1070747.0,-2.75,268354.0,0.69,-52.0,0.969,0.971,157632607.0,152903629,152903629,2026-08-24,2026-08-24 11:54:03+08:00
159269,港股通科技ETF南方,0.852,0.8501,-0.22,-0.029,-3.29,744107.0,63807786.6,0.865,0.875,0.851,0.881,2.72,3.92,1.28,53.4,345422.0,398685.0,-1269952.0,-1.99,10888364.0,17.06,-12158316.0,-19.05,1130516.0,1.77,139437.0,0.22,6.0,0.851,0.852,1899311712.0,1618213579,1618213579,2026-08-24,2026-08-24 11:54:12+08:00
588450,科创50增强ETF招商,2.088,2.0881,0.0,-0.071,-3.29,37610.0,7918537.0,2.159,2.159,2.076,2.159,3.84,6.21,1.24,2.85,19887.0,17723.0,-977187.0,-12.34,0.0,0.0,-977187.0,-12.34,-104369.0,-1.32,1081558.0,13.66,5.0,2.088,2.089,60568700.0,126467446,126467446,2026-08-24,2026-08-24 11:53:54+08:00
520710,港股通信息技术ETF广发,0.881,0.8779,-0.35,-0.03,-3.29,244007.0,21774629.0,0.916,0.917,0.88,0.911,4.06,25.15,1.03,-47.09,86881.0,157126.0,-4099197.0,-18.83,-409244.0,-1.88,-3689953.0,-16.95,2961823.0,13.6,1137374.0,5.22,49.0,0.879,0.881,97029000.0,85482549,85482549,2026-08-24,2026-08-24 11:54:13+08:00
159786,VRETF银华,1.116,1.1162,0.02,-0.038,-3.29,65415.0,7413826.7,1.154,1.156,1.111,1.154,3.9,7.46,1.27,-6.86,30864.0,34551.0,-75719.0,-1.02,184368.0,2.49,-260087.0,-3.51,29749.0,0.4,45968.0,0.62,-100.0,1.115,1.117,87701174.0,97874510,97874510,2026-08-24,2026-08-24 11:54:03+08:00
588050,科创50ETF工银,1.64,1.6403,0.02,-0.056,-3.3,1161980.0,193217689.0,1.694,1.694,1.632,1.696,3.66,1.81,0.94,7.91,515258.0,646722.0,-26570332.0,-13.75,-23926425.0,-12.38,-2643907.0,-1.37,7118640.0,3.68,19451693.0,10.07,-712.0,1.64,1.643,6425241344.0,10537395804,10537395804,2026-08-24,2026-08-24 11:54:03+08:00
159821,创业板ETF中银证券,1.291,1.2906,-0.03,-0.044,-3.3,14343.0,1864241.7,1.335,1.335,1.287,1.335,3.6,2.36,1.6,71.77,5406.0,8937.0,-1139381.0,-61.12,0.0,0.0,-1139381.0,-61.12,636869.0,34.16,502511.0,26.96,21.0,1.288,1.305,60720000.0,78389520,78389520,2026-08-24,2026-08-24 11:53:36+08:00
510770,G60创新ETF申万菱信,0.879,0.8764,-0.3,-0.03,-3.3,21886.0,1944402.0,0.909,0.909,0.872,0.909,4.07,10.13,1.09,2.29,10072.0,11814.0,-373694.0,-19.22,0.0,0.0,-373694.0,-19.22,68721.0,3.53,304973.0,15.68,30.0,0.873,0.88,21610700.0,18995805,18995805,2026-08-24,2026-08-24 11:54:03+08:00
513220,中概互联ETF招商,0.939,0.9766,3.85,-0.032,-3.3,246112.0,23184727.0,0.959,0.959,0.934,0.971,2.57,4.74,1.73,-9.78,110574.0,135538.0,-1542458.0,-6.65,-4560353.0,-19.67,3017895.0,13.02,-312070.0,-1.35,1854528.0,8.0,100.0,0.938,0.939,519109408.0,487443734,487443734,2026-08-24,2026-08-24 11:54:13+08:00
589000,科创综指ETF华夏,1.521,1.5235,0.16,-0.052,-3.31,412512.0,63451354.0,1.565,1.574,1.512,1.573,3.94,3.94,1.33,60.94,199317.0,213195.0,-2644844.0,-4.17,-841193.0,-1.33,-1803651.0,-2.84,-211560.0,-0.33,2856405.0,4.5,1.0,1.517,1.521,1047507808.0,1593259376,1593259376,2026-08-24,2026-08-24 11:54:03+08:00
159325,半导体ETF南方,2.076,2.0744,-0.08,-0.071,-3.31,395963.0,83154666.2,2.147,2.147,2.06,2.147,4.05,7.46,1.09,-1.74,170256.0,225707.0,-8106438.0,-9.75,-2972954.0,-3.58,-5133484.0,-6.17,-1569958.0,-1.89,9676395.0,11.64,2.0,2.073,2.08,530460528.0,1101236056,1101236056,2026-08-24,2026-08-24 11:54:36+08:00
516330,物联网ETF华泰柏瑞,1.517,1.5204,0.22,-0.052,-3.31,421.0,64983.0,1.566,1.566,1.517,1.569,3.12,0.5,0.24,-8.09,361.0,60.0,-40117.0,-61.73,0.0,0.0,-40117.0,-61.73,0.0,0.0,40118.0,61.74,-50.0,1.517,1.529,8471300.0,12850962,12850962,2026-08-24,2026-08-24 11:54:13+08:00
159908,创业板ETF博时,3.212,3.205,-0.22,-0.11,-3.31,76140.0,24771443.4,3.318,3.325,3.2,3.322,3.76,2.45,0.45,7.48,35880.0,40260.0,-2127486.0,-8.59,-3385423.0,-13.67,1257937.0,5.08,-1457523.0,-5.88,3585009.0,14.47,27.0,3.208,3.212,311229024.0,999667625,999667625,2026-08-24,2026-08-24 11:54:24+08:00
588150,科创50ETF南方,1.136,1.137,0.09,-0.039,-3.32,271485.0,31362891.0,1.175,1.175,1.13,1.175,3.83,7.01,1.45,47.52,104795.0,166690.0,-1719270.0,-5.48,1373181.0,4.38,-3092451.0,-9.86,-54309.0,-0.17,1773579.0,5.66,143.0,1.135,1.138,387432608.0,440123443,440123443,2026-08-24,2026-08-24 11:54:04+08:00
520750,港股通信息ETF华富,0.874,0.8707,-0.38,-0.03,-3.32,101616.0,9030036.0,0.906,0.91,0.874,0.904,3.98,7.29,0.63,-16.06,33188.0,68428.0,-1538533.0,-17.04,0.0,0.0,-1538533.0,-17.04,1237173.0,13.7,301361.0,3.34,114.0,0.873,0.875,139384000.0,121821616,121821616,2026-08-24,2026-08-24 11:54:06+08:00
517110,创新药ETF国泰,0.787,0.7867,-0.04,-0.027,-3.32,540278.0,42781483.0,0.815,0.818,0.781,0.814,4.55,3.91,1.37,25.06,208448.0,331830.0,-5287692.0,-12.36,-5914426.0,-13.82,626734.0,1.46,-171400.0,-0.4,5459091.0,12.76,15.0,0.785,0.787,1380098496.0,1086137516,1086137516,2026-08-24,2026-08-24 11:54:05+08:00
588040,科创50ETF鹏华,1.629,1.6272,-0.11,-0.056,-3.32,61246.0,10089451.0,1.686,1.686,1.618,1.685,4.04,4.87,0.96,48.97,16061.0,45185.0,-136614.0,-1.35,0.0,0.0,-136614.0,-1.35,-1698861.0,-16.84,1835474.0,18.19,187.0,1.627,1.631,125889000.0,205073181,205073181,2026-08-24,2026-08-24 11:53:49+08:00
159145,工业软件ETF广发,0.813,0.8098,-0.4,-0.028,-3.33,16340.0,1339466.7,0.839,0.839,0.808,0.841,3.69,2.42,0.82,-7.54,7845.0,8495.0,-108005.0,-8.06,109592.0,8.18,-217597.0,-16.25,38752.0,2.89,69253.0,5.17,286.0,0.808,0.813,67581845.0,54944040,54944040,2026-08-24,2026-08-24 11:54:18+08:00
159563,创业板综ETF华夏,1.771,1.7729,0.11,-0.061,-3.33,10607.0,1900245.6,1.828,1.868,1.768,1.832,5.46,4.18,1.07,0.19,6254.0,4353.0,-201152.0,-10.59,0.0,0.0,-201152.0,-10.59,-125658.0,-6.61,326809.0,17.2,-1.0,1.771,1.773,25360773.0,44913929,44913929,2026-08-24,2026-08-24 11:54:15+08:00
589630,科创综指ETF国泰,0.755,0.7574,0.32,-0.026,-3.33,154113.0,11795376.0,0.785,0.785,0.751,0.781,4.35,4.41,0.73,-17.57,68153.0,85960.0,-272381.0,-2.31,1482756.0,12.57,-1755137.0,-14.88,155597.0,1.32,116784.0,0.99,-2.0,0.753,0.756,349258000.0,263689790,263689790,2026-08-24,2026-08-24 11:53:46+08:00
159890,云计算ETF招商,1.657,1.6532,-0.23,-0.057,-3.33,72956.0,12223870.1,1.714,1.716,1.651,1.714,3.79,3.1,0.92,12.58,29084.0,43872.0,-359944.0,-2.94,197901.0,1.62,-557845.0,-4.56,-1796348.0,-14.7,2156293.0,17.64,11.0,1.656,1.66,235590688.0,390373770,390373770,2026-08-24,2026-08-24 11:53:54+08:00
589320,科创200ETF嘉实,0.838,0.8383,0.04,-0.029,-3.34,17604.0,1493993.0,0.865,0.867,0.835,0.867,3.69,1.54,0.7,63.69,6602.0,11002.0,5760.0,0.39,35984.0,2.41,-30224.0,-2.02,-58254.0,-3.9,52492.0,3.51,300.0,0.835,0.845,114053000.0,95576414,95576414,2026-08-24,2026-08-24 11:53:47+08:00
159896,物联网ETF南方,1.246,1.2491,0.25,-0.043,-3.34,31111.0,3932300.4,1.276,1.278,1.244,1.289,2.64,7.97,0.59,-78.6,13440.0,17671.0,-206318.0,-5.25,661752.0,16.83,-868070.0,-22.08,166225.0,4.23,40093.0,1.02,10.0,1.246,1.288,39055960.0,48663726,48663726,2026-08-24,2026-08-24 11:54:18+08:00
159915,创业板ETF易方达,3.441,3.4403,-0.02,-0.119,-3.34,11310786.0,3938432782.033,3.557,3.57,3.431,3.56,3.9,6.37,1.29,18.2,5153690.0,6157096.0,-540778352.0,-13.73,-395549904.0,-10.04,-145228448.0,-3.69,91064464.0,2.31,449713876.0,11.42,-303.0,3.438,3.441,17745454848.0,61062110132,61062110132,2026-08-24,2026-08-24 11:54:15+08:00
513180,恒生科技ETF华夏,0.578,0.5778,-0.03,-0.02,-3.34,33744135.0,1964001083.0,0.592,0.593,0.577,0.598,2.68,4.85,1.85,13.33,12260512.0,21483623.0,-296416069.0,-15.09,-488121296.0,-24.85,191705227.0,9.76,198102071.0,10.09,98313992.0,5.01,170.0,0.577,0.578,69552758784.0,40201494577,40201494577,2026-08-24,2026-08-24 11:54:08+08:00
526050,港股通信息技术ETF招商,1.042,1.0401,-0.18,-0.036,-3.34,186651.0,19718231.0,1.091,1.091,1.041,1.078,4.64,34.8,0.82,36.42,77374.0,109277.0,-1773790.0,-9.0,-272366.0,-1.38,-1501424.0,-7.61,976175.0,4.95,797615.0,4.05,-65.0,1.042,1.043,53630000.0,55882460,55882460,2026-08-24,2026-08-24 11:54:03+08:00
512120,医药ETF华安,0.461,0.459,-0.44,-0.016,-3.35,162452.0,7551080.0,0.475,0.477,0.459,0.477,3.77,2.1,0.83,3.12,50688.0,111764.0,-508394.0,-6.73,29563.0,0.39,-537957.0,-7.12,-17223.0,-0.23,525615.0,6.96,-164.0,0.46,0.463,773241904.0,356464518,356464518,2026-08-24,2026-08-24 11:54:16+08:00
588090,科创50ETF华泰柏瑞,1.647,1.648,0.06,-0.057,-3.35,548703.0,91430252.0,1.7,1.702,1.638,1.704,3.76,1.91,1.14,28.1,230197.0,318506.0,-16933654.0,-18.52,-7384207.0,-8.08,-9549447.0,-10.44,3866942.0,4.23,13066711.0,14.29,-130.0,1.647,1.65,2877072800.0,4738538902,4738538902,2026-08-24,2026-08-24 11:54:06+08:00
159808,创100ETF融通,1.328,1.3268,-0.09,-0.046,-3.35,7046.0,948433.0,1.374,1.374,1.325,1.374,3.57,1.42,1.28,24.04,3140.0,3906.0,-380989.0,-40.17,0.0,0.0,-380989.0,-40.17,266785.0,28.13,114205.0,12.04,2.0,1.323,1.339,49484790.0,65715801,65715801,2026-08-24,2026-08-24 11:54:24+08:00
520530,港股通科技ETF东财,0.809,0.8078,-0.15,-0.028,-3.35,212460.0,17337461.0,0.832,0.833,0.808,0.837,2.99,9.01,1.55,20.07,62444.0,150016.0,-6775902.0,-39.08,-1593900.0,-9.19,-5182002.0,-29.89,2863503.0,16.52,3912400.0,22.57,78.0,0.808,0.81,235776000.0,190742784,190742784,2026-08-24,2026-08-24 11:54:13+08:00
513860,港股通科技ETF海富通,0.604,0.6061,0.35,-0.021,-3.36,797206.0,48401415.0,0.62,0.62,0.603,0.625,2.72,2.7,0.81,-12.61,255389.0,541817.0,-1940422.0,-4.01,-5628765.0,-11.63,3688343.0,7.62,1670893.0,3.45,269529.0,0.56,9.0,0.603,0.604,2954470608.0,1784500247,1784500247,2026-08-24,2026-08-24 11:54:08+08:00
588160,科创新材料ETF南方,1.064,1.0647,0.07,-0.037,-3.36,1537803.0,165593313.0,1.098,1.101,1.056,1.101,4.09,18.0,1.21,14.71,525060.0,1012743.0,-1511043.0,-0.91,-7293168.0,-4.4,5782125.0,3.49,-616060.0,-0.37,2127103.0,1.28,-19.0,1.064,1.068,854496000.0,909183744,909183744,2026-08-24,2026-08-24 11:53:57+08:00
513580,恒生科技ETF华安,0.575,0.5805,0.95,-0.02,-3.36,1106395.0,64060648.0,0.592,0.592,0.574,0.595,3.03,1.82,2.09,14.73,402411.0,703984.0,-10335924.0,-16.13,-13736655.0,-21.44,3400731.0,5.31,6978415.0,10.89,3357510.0,5.24,79.0,0.574,0.575,6064118016.0,3486867859,3486867859,2026-08-24,2026-08-24 11:54:07+08:00
159709,物联网ETF工银,1.665,1.6642,-0.05,-0.058,-3.37,1071.0,180977.3,1.698,1.707,1.665,1.723,2.44,0.5,2.02,0.05,1045.0,26.0,-1450.0,-0.8,0.0,0.0,-1450.0,-0.8,0.0,0.0,1450.0,0.8,10.0,1.665,1.67,21484060.0,35770960,35770960,2026-08-24,2026-08-24 11:53:36+08:00
588460,科创50增强ETF鹏华,1.976,1.9758,-0.01,-0.069,-3.37,168370.0,33711056.0,2.046,2.046,1.966,2.045,3.91,2.7,1.07,-25.38,56466.0,111904.0,-4886220.0,-14.49,328203.0,0.97,-5214423.0,-15.47,437480.0,1.3,4448739.0,13.2,74.0,1.976,1.98,624014000.0,1233051664,1233051664,2026-08-24,2026-08-24 11:54:11+08:00
159675,创业板增强ETF嘉实,1.403,1.4033,0.02,-0.049,-3.37,34645.0,4927238.2,1.452,1.454,1.4,1.452,3.72,5.43,1.26,-1.99,13329.0,21316.0,-707640.0,-14.36,0.0,0.0,-707640.0,-14.36,-55966.0,-1.14,763605.0,15.5,19.0,1.401,1.404,63846691.0,89576907,89576907,2026-08-24,2026-08-24 11:54:09+08:00
159247,创业板ETF汇添富,1.029,1.0297,0.07,-0.036,-3.38,469885.0,48840973.361,1.064,1.066,1.025,1.065,3.85,11.52,1.35,77.4,177638.0,292247.0,-10502392.0,-21.5,-3873571.0,-7.93,-6628821.0,-13.57,-481865.0,-0.99,10984257.0,22.49,9.0,1.028,1.029,407984960.0,419816524,419816524,2026-08-24,2026-08-24 11:54:06+08:00
159773,创业板科技ETF华泰柏瑞,1.288,1.2905,0.19,-0.045,-3.38,28840.0,3763253.5,1.333,1.333,1.287,1.333,3.45,1.59,1.11,0.17,10940.0,17900.0,-87357.0,-2.32,-65384.0,-1.74,-21973.0,-0.58,-181515.0,-4.82,268872.0,7.14,-30.0,1.289,1.292,181903120.0,234291219,234291219,2026-08-24,2026-08-24 11:53:39+08:00
159792,港股通互联网ETF富国,0.571,0.5731,0.37,-0.02,-3.38,18973744.0,1087750830.556,0.582,0.582,0.568,0.591,2.37,2.83,1.24,-3.23,5593525.0,13380219.0,50890906.0,4.68,53082480.0,4.88,-2191574.0,-0.2,-73535364.0,-6.76,22644455.0,2.08,176.0,0.57,0.571,67069855232.0,38296887337,38296887337,2026-08-24,2026-08-24 11:53:45+08:00
560170,央企科技ETF南方,1.197,1.197,0.0,-0.042,-3.39,123495.0,15012085.0,1.239,1.239,1.193,1.239,3.71,3.31,0.92,0.7,44961.0,78534.0,-614496.0,-4.09,-279565.0,-1.86,-334931.0,-2.23,-510633.0,-3.4,1125130.0,7.49,-6.0,1.196,1.198,373495504.0,447074118,447074118,2026-08-24,2026-08-24 11:54:15+08:00
513130,恒生科技ETF华泰柏瑞,0.57,0.5694,-0.11,-0.02,-3.39,33894820.0,1946172750.0,0.583,0.584,0.569,0.59,2.54,6.05,1.96,-8.3,10598048.0,23296772.0,-284357715.0,-14.61,-504227200.0,-25.91,219869485.0,11.3,197052648.0,10.13,87305063.0,4.49,1636.0,0.569,0.57,56046347008.0,31946417795,31946417795,2026-08-24,2026-08-24 11:54:24+08:00
159131,港股通信息技术ETF华宝,0.938,0.9382,0.02,-0.033,-3.4,7513604.0,714490238.29,0.976,0.977,0.937,0.971,4.12,32.22,0.97,-30.99,3331827.0,4181777.0,-66715190.0,-9.34,-89528768.0,-12.53,22813578.0,3.19,42679168.0,5.97,24036028.0,3.36,10.0,0.937,0.938,2331919904.0,2187340870,2187340870,2026-08-24,2026-08-24 11:54:24+08:00
159681,创业板50ETF鹏华,1.592,1.5908,-0.08,-0.056,-3.4,324251.0,52458653.1,1.653,1.653,1.589,1.648,3.88,3.19,1.07,20.51,140955.0,183296.0,743681.0,1.42,1164167.0,2.22,-420486.0,-0.8,-2091307.0,-3.99,1347624.0,2.57,-21.0,1.59,1.594,1015772336.0,1617109559,1617109559,2026-08-24,2026-08-24 11:53:45+08:00
159751,港股通科技ETF鹏华,0.88,0.8791,-0.1,-0.031,-3.4,235648.0,20932179.6,0.903,0.904,0.88,0.911,2.63,2.67,1.43,37.62,73239.0,162409.0,-4740188.0,-22.65,661025.0,3.16,-5401213.0,-25.8,1679604.0,8.02,3060584.0,14.62,-332.0,0.88,0.881,883629632.0,777594076,777594076,2026-08-24,2026-08-24 11:54:15+08:00
589780,科创200ETF富国,1.194,1.1937,-0.03,-0.042,-3.4,5773.0,697482.0,1.235,1.235,1.19,1.236,3.64,0.96,0.6,0.76,4371.0,1402.0,-115992.0,-16.63,0.0,0.0,-115992.0,-16.63,-50956.0,-7.31,166947.0,23.94,-131.0,1.193,1.195,60215000.0,71896710,71896710,2026-08-24,2026-08-24 11:53:46+08:00
516510,云计算ETF易方达,1.617,1.6149,-0.13,-0.057,-3.41,679443.0,111138284.0,1.674,1.676,1.612,1.674,3.82,4.43,1.25,-10.79,321235.0,358208.0,7384682.0,6.64,11131591.0,10.02,-3746909.0,-3.37,-1548897.0,-1.39,-5835784.0,-5.25,-141.0,1.616,1.617,1532890000.0,2478683130,2478683130,2026-08-24,2026-08-24 11:54:19+08:00
159956,创业板ETF建信,2.178,2.177,-0.05,-0.077,-3.41,11848.0,2600446.9,2.252,2.252,2.174,2.255,3.46,2.52,0.88,21.16,6763.0,5085.0,0.0,0.0,0.0,0.0,0.0,0.0,-264069.0,-10.15,264069.0,10.15,690.0,2.177,2.181,46978674.0,102319552,102319552,2026-08-24,2026-08-24 11:53:57+08:00
159371,创业板50ETF富国,1.7,1.6992,-0.05,-0.06,-3.41,38632.0,6679408.5,1.76,1.761,1.697,1.76,3.64,2.17,1.38,6.28,10174.0,28458.0,-863466.0,-12.93,-1333090.0,-19.96,469624.0,7.03,-228882.0,-3.43,1092347.0,16.35,31.0,1.7,1.702,178221172.0,302975992,302975992,2026-08-24,2026-08-24 11:54:15+08:00
159597,创业板成长ETF易方达,0.79,0.7891,-0.11,-0.028,-3.42,184240.0,14774496.5,0.821,0.821,0.787,0.818,4.16,1.69,0.96,21.49,73852.0,110388.0,-298885.0,-2.02,-1241213.0,-8.4,942328.0,6.38,-342875.0,-2.32,641761.0,4.34,-7.0,0.789,0.794,1088257136.0,859723137,859723137,2026-08-24,2026-08-24 11:53:48+08:00
589300,科创综指ETF嘉实,1.667,1.665,-0.12,-0.059,-3.42,6868.0,1163828.0,1.728,1.728,1.66,1.726,3.94,1.65,1.09,-2.76,2657.0,4211.0,-215678.0,-18.53,0.0,0.0,-215678.0,-18.53,152030.0,13.06,63647.0,5.47,912.0,1.665,1.67,41582500.0,69318028,69318028,2026-08-24,2026-08-24 11:53:56+08:00
159179,港股通互联网ETF工银,0.818,0.8197,0.21,-0.029,-3.42,167185.0,13729154.2,0.833,0.85,0.815,0.847,4.13,16.25,2.06,0.34,82363.0,84822.0,-655068.0,-4.77,-472589.0,-3.44,-182479.0,-1.33,358589.0,2.61,296480.0,2.16,859.0,0.818,0.819,102903568.0,84175119,84175119,2026-08-24,2026-08-24 11:53:45+08:00
159607,中概互联网ETF嘉实,0.791,0.8278,4.45,-0.028,-3.42,1056201.0,83831770.6,0.806,0.807,0.787,0.819,2.44,8.89,1.69,1.21,416510.0,639691.0,-16072221.0,-19.17,-17378032.0,-20.73,1305811.0,1.56,9799581.0,11.69,6272641.0,7.48,26.0,0.79,0.791,1187829136.0,939572847,939572847,2026-08-24,2026-08-24 11:53:57+08:00
159369,创业板50ETF易方达,1.384,1.3849,0.06,-0.049,-3.42,214583.0,30126066.9,1.433,1.436,1.381,1.433,3.84,5.8,1.41,85.68,77905.0,136678.0,-2431175.0,-8.07,538046.0,1.79,-2969221.0,-9.86,-610866.0,-2.03,3042042.0,10.1,-14.0,1.384,1.388,369753488.0,511738827,511738827,2026-08-24,2026-08-24 11:54:12+08:00
516630,云计算ETF华夏,1.581,1.5806,-0.03,-0.056,-3.42,209393.0,33532270.0,1.64,1.64,1.574,1.637,4.03,4.22,1.07,39.49,87690.0,121703.0,-5045288.0,-15.05,829656.0,2.47,-5874944.0,-17.52,218990.0,0.65,4826298.0,14.39,1.0,1.579,1.581,496156000.0,784422636,784422636,2026-08-24,2026-08-24 11:53:56+08:00
159311,数字经济ETF易方达,1.406,1.4077,0.12,-0.05,-3.43,4673.0,665764.5,1.442,1.443,1.402,1.456,2.82,1.19,1.35,29.14,837.0,3836.0,32483.0,4.88,-444068.0,-66.7,476551.0,71.58,-157152.0,-23.6,124668.0,18.73,3.0,1.402,1.413,39383993.0,55373894,55373894,2026-08-24,2026-08-24 11:54:03+08:00
520570,恒生科技ETF南方,0.731,0.7292,-0.25,-0.026,-3.43,1053913.0,77459504.0,0.751,0.753,0.73,0.757,3.04,3.09,2.0,-4.96,421344.0,632569.0,-7318544.0,-9.45,-3625999.0,-4.68,-3692545.0,-4.77,4719096.0,6.09,2599447.0,3.36,-6143.0,0.731,0.732,3415876000.0,2497005356,2497005356,2026-08-24,2026-08-24 11:54:15+08:00
589820,科创200ETF建信,1.209,1.2106,0.13,-0.043,-3.43,90414.0,11068216.0,1.24,1.255,1.205,1.252,3.99,6.97,1.58,-9.27,37383.0,53031.0,-354671.0,-3.2,0.0,0.0,-354671.0,-3.2,247278.0,2.23,107393.0,0.97,-4200.0,1.204,1.21,129720200.0,156831722,156831722,2026-08-24,2026-08-24 11:53:40+08:00
159682,创业板50ETF景顺,1.573,1.5717,-0.08,-0.056,-3.44,1069692.0,170732302.1,1.629,1.634,1.569,1.629,3.99,3.32,1.15,16.02,514642.0,555050.0,-28854800.0,-16.9,-18103337.0,-10.6,-10751463.0,-6.3,11927760.0,6.99,16927040.0,9.91,100.0,1.572,1.573,3222307664.0,5068689955,5068689955,2026-08-24,2026-08-24 11:53:48+08:00
588210,科创100ETF易方达,1.767,1.7651,-0.11,-0.063,-3.44,60833.0,10852799.0,1.822,1.831,1.752,1.83,4.32,2.55,0.91,53.1,24903.0,35930.0,-532172.0,-4.9,423849.0,3.91,-956021.0,-8.81,-618527.0,-5.7,1150698.0,10.6,30.0,1.762,1.766,238254000.0,420994818,420994818,2026-08-24,2026-08-24 11:53:48+08:00
589280,科创增强ETF华宝,0.898,0.9,0.22,-0.032,-3.44,41655.0,3761332.0,0.93,0.93,0.894,0.93,3.87,2.7,0.78,6.42,12243.0,29412.0,-308318.0,-8.2,-684083.0,-18.19,375765.0,9.99,261784.0,6.96,46534.0,1.24,-1.0,0.897,0.9,154069000.0,138353962,138353962,2026-08-24,2026-08-24 11:53:56+08:00
588280,科创50ETF华安,1.15,1.1507,0.06,-0.041,-3.44,196425.0,22918270.0,1.19,1.19,1.145,1.191,3.78,5.11,1.28,84.33,80685.0,115740.0,-2633891.0,-11.49,460074.0,2.01,-3093965.0,-13.5,-125516.0,-0.55,2759406.0,12.04,-320.0,1.149,1.155,384121008.0,441739159,441739159,2026-08-24,2026-08-24 11:53:48+08:00
589890,科创综指ETF景顺,1.517,1.5168,-0.01,-0.054,-3.44,17071.0,2606053.0,1.54,1.569,1.501,1.571,4.33,2.01,0.87,16.56,8374.0,8697.0,307187.0,11.79,0.0,0.0,307187.0,11.79,-266596.0,-10.23,-40591.0,-1.56,600.0,1.516,1.535,84987000.0,128925279,128925279,2026-08-24,2026-08-24 11:53:47+08:00
589990,科创综指ETF华泰柏瑞,1.594,1.5984,0.28,-0.057,-3.45,34589.0,5587753.0,1.653,1.653,1.588,1.651,3.94,3.26,1.45,-2.08,17648.0,16941.0,-743066.0,-13.3,0.0,0.0,-743066.0,-13.3,243485.0,4.36,499581.0,8.94,1290.0,1.593,1.597,106090000.0,169107460,169107460,2026-08-24,2026-08-24 11:53:54+08:00
159373,创业板50ETF嘉实,1.734,1.7354,0.08,-0.062,-3.45,202657.0,35696747.8,1.796,1.8,1.729,1.796,3.95,14.42,1.56,-4.07,86959.0,115698.0,-1652073.0,-4.63,63913.0,0.18,-1715986.0,-4.81,1423558.0,3.99,228515.0,0.64,2.0,1.732,1.734,140557494.0,243726695,243726695,2026-08-24,2026-08-24 11:54:18+08:00
159977,创业板ETF天弘,1.785,1.7864,0.08,-0.064,-3.46,824270.0,149261116.8,1.848,1.852,1.779,1.849,3.95,2.34,1.17,56.75,395851.0,428419.0,-27181155.0,-18.21,-982630.0,-0.66,-26198525.0,-17.55,10712863.0,7.18,16468293.0,11.03,-30.0,1.783,1.785,3523872816.0,6290112977,6290112977,2026-08-24,2026-08-24 11:54:12+08:00
589680,科创综指ETF鹏华,1.477,1.4763,-0.05,-0.053,-3.46,579508.0,86527124.0,1.522,1.524,1.467,1.53,3.73,4.17,0.91,42.88,344538.0,234970.0,-2825868.0,-3.27,9540737.0,11.03,-12366605.0,-14.29,-388256.0,-0.45,3214124.0,3.71,4829.0,1.476,1.477,1389943696.0,2052946839,2052946839,2026-08-24,2026-08-24 11:54:06+08:00
520510,港股通医疗ETF华夏,0.949,0.9502,0.13,-0.034,-3.46,1859330.0,177706380.0,0.98,0.985,0.945,0.983,4.07,74.45,1.13,37.05,984745.0,874585.0,-3201222.0,-1.8,4446921.0,2.5,-7648143.0,-4.3,1525042.0,0.86,1676180.0,0.94,-3788.0,0.948,0.95,249728000.0,236991872,236991872,2026-08-24,2026-08-24 11:54:06+08:00
513040,港股通互联网ETF易方达,0.921,0.9208,-0.02,-0.033,-3.46,3369355.0,311336129.0,0.937,0.938,0.916,0.954,2.31,4.98,1.09,-7.06,1476866.0,1892489.0,-23395189.0,-7.51,-9257703.0,-2.97,-14137486.0,-4.54,14046458.0,4.51,9348731.0,3.0,-12538.0,0.92,0.921,6764341248.0,6229958289,6229958289,2026-08-24,2026-08-24 11:54:09+08:00
159198,港股通信息技术ETF富国,1.201,1.2017,0.06,-0.043,-3.46,449339.0,54796493.901,1.25,1.253,1.201,1.244,4.18,50.29,0.85,18.16,185950.0,263389.0,-5925889.0,-10.81,201807.0,0.37,-6127696.0,-11.18,3011850.0,5.5,2914040.0,5.32,-1000.0,1.201,1.202,89344347.0,107302561,107302561,2026-08-24,2026-08-24 11:54:42+08:00
159971,创业板ETF富国,1.195,1.1974,0.2,-0.043,-3.47,682608.0,82663227.7,1.238,1.241,1.193,1.238,3.88,4.24,1.46,24.07,243935.0,438673.0,-23352865.0,-28.25,-4862375.0,-5.88,-18490490.0,-22.37,7780075.0,9.41,15572790.0,18.84,-48.0,1.195,1.197,1610020288.0,1923974244,1923974244,2026-08-24,2026-08-24 11:54:24+08:00
159952,创业板ETF广发,2.088,2.0908,0.13,-0.075,-3.47,2587412.0,546878740.3,2.159,2.166,2.083,2.163,3.84,4.92,1.44,-18.86,1126676.0,1460736.0,-81552088.0,-14.91,-75933984.0,-13.88,-5618104.0,-1.03,23748286.0,4.34,57803801.0,10.57,-2.0,2.086,2.087,5255885056.0,10974287997,10974287997,2026-08-24,2026-08-24 11:53:54+08:00
159957,创业板ETF华夏,2.254,2.2552,0.05,-0.081,-3.47,499576.0,114033964.8,2.335,2.339,2.247,2.335,3.94,4.37,1.07,1.38,190967.0,308609.0,-19349800.0,-16.97,659834.0,0.58,-20009634.0,-17.55,2733073.0,2.4,16616728.0,14.57,-191.0,2.253,2.256,1143784560.0,2578090398,2578090398,2026-08-24,2026-08-24 11:54:00+08:00
588120,科创100ETF国泰,0.891,0.8902,-0.09,-0.032,-3.47,507389.0,45944762.0,0.923,0.93,0.884,0.923,4.98,5.31,1.08,45.87,288413.0,218976.0,2016613.0,4.39,1244606.0,2.71,772007.0,1.68,-2923967.0,-6.36,907354.0,1.97,114.0,0.889,0.891,955622000.0,851459202,851459202,2026-08-24,2026-08-24 11:53:43+08:00
513260,恒生科技ETF汇添富,1.112,1.1108,-0.11,-0.04,-3.47,1502694.0,168206336.0,1.139,1.139,1.111,1.152,2.43,3.18,1.58,32.32,588129.0,914565.0,-36516395.0,-21.71,-17541610.0,-10.43,-18974785.0,-11.28,19217240.0,11.42,17299155.0,10.28,5963.0,1.111,1.112,4718243072.0,5246686296,5246686296,2026-08-24,2026-08-24 11:54:20+08:00
588890,科创芯片ETF南方,3.841,3.8317,-0.24,-0.138,-3.47,344399.0,134477289.0,3.979,3.979,3.81,3.979,4.25,3.77,1.74,15.04,167403.0,176996.0,-1743358.0,-1.3,2466117.0,1.83,-4209475.0,-3.13,-2845158.0,-2.12,4588517.0,3.41,2.0,3.831,3.841,913810000.0,3509944210,3509944210,2026-08-24,2026-08-24 11:53:49+08:00
589880,科创综指ETF建信,1.499,1.5002,0.08,-0.054,-3.48,88739.0,13453240.0,1.549,1.55,1.494,1.553,3.61,1.93,0.61,-50.8,47939.0,40800.0,-1331353.0,-9.9,61073.0,0.45,-1392426.0,-10.35,1321155.0,9.82,10199.0,0.08,-2000.0,1.495,1.5,459996000.0,689534004,689534004,2026-08-24,2026-08-24 11:53:47+08:00
159948,创业板ETF南方,3.797,3.7971,0.0,-0.137,-3.48,192069.0,74092933.0,3.934,3.938,3.787,3.934,3.84,1.66,1.28,-18.43,98970.0,93099.0,1634802.0,2.21,-214686.0,-0.29,1849488.0,2.5,-5193218.0,-7.01,3558416.0,4.8,-85.0,3.796,3.797,1153697728.0,4380590273,4380590273,2026-08-24,2026-08-24 11:54:00+08:00
159750,港股科技50ETF招商,0.86,0.8634,0.39,-0.031,-3.48,389385.0,33704115.1,0.885,0.885,0.859,0.891,2.92,3.12,1.42,34.78,145042.0,244343.0,-2954545.0,-8.77,3631539.0,10.77,-6586084.0,-19.54,1717808.0,5.1,1236736.0,3.67,-501.0,0.859,0.86,1249618256.0,1074671700,1074671700,2026-08-24,2026-08-24 11:53:36+08:00
513380,恒生科技ETF广发,0.525,0.5239,-0.21,-0.019,-3.49,2904520.0,153613965.0,0.541,0.541,0.524,0.544,3.13,1.62,1.77,0.84,1034348.0,1870172.0,-26466585.0,-17.23,-35459154.0,-23.08,8992569.0,5.85,19539920.0,12.72,6926664.0,4.51,100.0,0.524,0.525,17893784832.0,9394237037,9394237037,2026-08-24,2026-08-24 11:54:18+08:00
159663,机床ETF华夏,0.967,0.9675,0.05,-0.035,-3.49,526973.0,51569784.3,1.004,1.004,0.959,1.002,4.49,11.84,1.32,62.85,222318.0,304655.0,875229.0,1.7,4010321.0,7.78,-3135092.0,-6.08,-26204.0,-0.05,-849024.0,-1.65,-55.0,0.964,0.968,445035168.0,430349007,430349007,2026-08-24,2026-08-24 11:54:00+08:00
159958,创业板ETF工银,2.077,2.0783,0.06,-0.075,-3.49,23021.0,4886368.2,2.151,2.153,2.074,2.152,3.67,0.99,0.86,2.86,8883.0,14138.0,436804.0,8.94,764028.0,15.64,-327224.0,-6.7,-988233.0,-20.22,551428.0,11.29,2.0,2.078,2.08,233611448.0,485210977,485210977,2026-08-24,2026-08-24 11:54:15+08:00
589360,科创50ETF国泰,0.826,0.826,0.0,-0.03,-3.5,588760.0,49264242.0,0.855,0.855,0.822,0.856,3.86,2.21,1.32,36.98,269238.0,319522.0,-4875680.0,-9.9,-2226916.0,-4.52,-2648764.0,-5.38,1526857.0,3.1,3348823.0,6.8,1.0,0.826,0.83,2669174000.0,2204737724,2204737724,2026-08-24,2026-08-24 11:53:53+08:00
513980,港股科技ETF景顺,0.606,0.6046,-0.23,-0.022,-3.5,2688200.0,163885536.0,0.622,0.622,0.605,0.628,2.71,1.59,1.13,15.58,1063074.0,1625126.0,3238330.0,1.98,-3396142.0,-2.07,6634472.0,4.05,-3136411.0,-1.91,-101920.0,-0.06,100.0,0.605,0.606,16899204096.0,10240917682,10240917682,2026-08-24,2026-08-24 11:54:14+08:00
589770,科创综指ETF招商,1.54,1.5406,0.04,-0.056,-3.51,28933.0,4522101.0,1.592,1.594,1.532,1.596,3.88,1.77,0.36,-1.04,15282.0,13651.0,-247948.0,-5.48,0.0,0.0,-247948.0,-5.48,234016.0,5.17,13932.0,0.31,6.0,1.537,1.542,163569200.0,251896568,251896568,2026-08-24,2026-08-24 11:53:40+08:00
588990,科创芯片ETF博时,3.541,3.5384,-0.07,-0.129,-3.51,110816.0,40030301.0,3.671,3.671,3.513,3.67,4.31,5.6,1.69,4.93,55705.0,55111.0,-239233.0,-0.6,-3134527.0,-7.83,2895294.0,7.23,-1177706.0,-2.94,1416938.0,3.54,40.0,3.535,3.545,197745400.0,700216461,700216461,2026-08-24,2026-08-24 11:54:02+08:00
159964,创业板ETF平安,2.248,2.2504,0.11,-0.082,-3.52,18905.0,4311603.1,2.325,2.331,2.244,2.33,3.73,1.14,1.37,-15.28,9481.0,9424.0,-351449.0,-8.15,641182.0,14.87,-992631.0,-23.02,363845.0,8.44,-12396.0,-0.29,10.0,2.246,2.25,165481881.0,372003268,372003268,2026-08-24,2026-08-24 11:54:18+08:00
159180,软件ETF银华,0.988,0.9895,0.15,-0.036,-3.52,16514.0,1645990.444,1.024,1.029,0.986,1.024,4.2,4.7,0.76,44.23,6202.0,10312.0,-197353.0,-11.99,0.0,0.0,-197353.0,-11.99,117016.0,7.11,80338.0,4.88,338.0,0.989,0.99,35155926.0,34734055,34734055,2026-08-24,2026-08-24 11:54:39+08:00
526000,港股通信息技术ETF华夏,1.152,1.1506,-0.12,-0.042,-3.52,2164108.0,252115900.0,1.202,1.202,1.152,1.194,4.19,122.17,1.08,16.36,1019917.0,1144191.0,-2276585.0,-0.9,6363337.0,2.52,-8639922.0,-3.43,-45377.0,-0.02,2321962.0,0.92,294.0,1.151,1.153,177142000.0,204067584,204067584,2026-08-24,2026-08-24 11:54:18+08:00
159568,港股互联网ETF博时,1.124,1.1257,0.15,-0.041,-3.52,413411.0,46699471.8,1.145,1.146,1.12,1.165,2.23,11.0,1.09,23.13,179736.0,233675.0,-3105698.0,-6.65,-1100998.0,-2.36,-2004700.0,-4.29,692773.0,1.48,2412925.0,5.17,664.0,1.123,1.124,375857904.0,422464284,422464284,2026-08-24,2026-08-24 11:54:36+08:00
159949,创业板50ETF华安,1.617,1.6168,-0.01,-0.059,-3.52,6590250.0,1080464073.389,1.675,1.686,1.613,1.676,4.36,4.45,1.24,83.8,2567263.0,4022987.0,-171111952.0,-15.84,-88177184.0,-8.16,-82934768.0,-7.68,57699602.0,5.34,113412346.0,10.5,214.0,1.616,1.617,14810785024.0,23949039384,23949039384,2026-08-24,2026-08-24 11:54:12+08:00
588220,科创100ETF鹏华,1.752,1.7512,-0.05,-0.064,-3.52,2779881.0,493203186.0,1.811,1.818,1.739,1.816,4.35,6.99,1.23,10.22,1217230.0,1562651.0,10174774.0,2.06,24348784.0,4.94,-14174010.0,-2.87,-13119057.0,-2.66,2944285.0,0.6,323.0,1.746,1.747,3977697904.0,6968926728,6968926728,2026-08-24,2026-08-24 11:54:06+08:00
159040,港股通互联网ETF鹏华,1.069,1.0723,0.31,-0.039,-3.52,45465.0,4893431.0,1.05,1.1,1.05,1.108,4.51,12.81,1.6,13.28,22727.0,22738.0,-599341.0,-12.25,561360.0,11.47,-1160701.0,-23.72,524517.0,10.72,74823.0,1.53,-181.0,1.069,1.071,35481087.0,37929282,37929282,2026-08-24,2026-08-24 11:54:27+08:00
159739,云计算ETF鹏华,0.766,0.7641,-0.25,-0.028,-3.53,96522.0,7486988.5,0.792,0.793,0.762,0.794,3.9,2.34,0.75,23.42,37534.0,58988.0,-85459.0,-1.14,762965.0,10.19,-848424.0,-11.33,-708323.0,-9.46,793783.0,10.6,1.0,0.764,0.766,412361232.0,315868704,315868704,2026-08-24,2026-08-24 11:53:33+08:00
159814,创业大盘ETF西部利得,0.71,0.7114,0.2,-0.026,-3.53,388721.0,28127878.2,0.735,0.739,0.709,0.736,4.08,7.65,1.19,60.55,162746.0,225975.0,-1155250.0,-4.11,921368.0,3.28,-2076618.0,-7.38,481627.0,1.71,673624.0,2.39,-10.0,0.711,0.712,508246528.0,360855035,360855035,2026-08-24,2026-08-24 11:54:27+08:00
159185,港股通信息技术ETF鹏华,1.067,1.0672,0.02,-0.039,-3.53,685074.0,74096278.205,1.11,1.111,1.067,1.106,3.98,35.11,1.04,33.0,292297.0,392777.0,-3521226.0,-4.75,-604447.0,-0.82,-2916779.0,-3.94,2302821.0,3.11,1218404.0,1.64,-2000.0,1.067,1.069,195099035.0,208170670,208170670,2026-08-24,2026-08-24 11:54:42+08:00
526030,港股通信息技术ETF汇添富,0.846,0.8446,-0.17,-0.031,-3.53,207970.0,17868539.0,0.881,0.884,0.846,0.877,4.33,13.64,1.44,3.2,86815.0,121155.0,-1034258.0,-5.79,-827841.0,-4.63,-206417.0,-1.16,448533.0,2.51,585725.0,3.28,-4.0,0.846,0.849,152465000.0,128985390,128985390,2026-08-24,2026-08-24 11:54:12+08:00
159658,数字经济ETF华安,1.666,1.6674,0.08,-0.061,-3.53,11178.0,1883843.8,1.718,1.718,1.66,1.727,3.36,2.52,0.56,-9.68,4371.0,6807.0,56068.0,2.98,317825.0,16.87,-261757.0,-13.89,-180335.0,-9.57,124267.0,6.6,-38.0,1.666,1.67,44394877.0,73961865,73961865,2026-08-24,2026-08-24 11:53:54+08:00
589800,科创综指ETF易方达,1.532,1.5329,0.06,-0.056,-3.53,284270.0,43998409.0,1.588,1.588,1.523,1.588,4.09,2.48,0.93,-27.59,107179.0,177091.0,-6316909.0,-14.36,-2306244.0,-5.24,-4010665.0,-9.12,-154312.0,-0.35,6471220.0,14.71,313.0,1.53,1.532,1143988208.0,1752589935,1752589935,2026-08-24,2026-08-24 11:53:50+08:00
159741,恒生科技ETF嘉实,0.573,0.5773,0.74,-0.021,-3.54,967840.0,55872275.2,0.589,0.589,0.572,0.594,2.86,7.02,1.59,-12.39,308337.0,659503.0,-12440845.0,-22.27,-4104097.0,-7.35,-8336748.0,-14.92,9207057.0,16.48,3233788.0,5.79,300.0,0.572,0.573,1378796720.0,790050521,790050521,2026-08-24,2026-08-24 11:53:33+08:00
588190,科创100ETF银华,1.745,1.7467,0.1,-0.064,-3.54,426873.0,75869530.0,1.799,1.811,1.735,1.809,4.2,3.14,1.37,-23.06,194556.0,232317.0,-7315087.0,-9.64,2257804.0,2.98,-9572891.0,-12.62,2226046.0,2.93,5089040.0,6.71,-18.0,1.745,1.747,1357618304.0,2369043940,2369043940,2026-08-24,2026-08-24 11:54:08+08:00
159370,创50ETF工银,1.796,1.7962,0.01,-0.066,-3.54,11306.0,2067684.2,1.86,1.876,1.794,1.862,4.4,0.5,0.52,1.86,2671.0,8635.0,-113283.0,-5.48,-692677.0,-33.5,579394.0,28.02,31959.0,1.55,81323.0,3.93,2.0,1.795,1.798,227316009.0,408259552,408259552,2026-08-24,2026-08-24 11:53:51+08:00
159383,创业板50ETF华泰柏瑞,1.69,1.6932,0.19,-0.062,-3.54,39117.0,6693006.4,1.752,1.752,1.688,1.752,3.65,7.81,1.31,8.62,16465.0,22652.0,357154.0,5.34,-38004.0,-0.57,395158.0,5.9,-1041621.0,-15.56,684468.0,10.23,214.0,1.69,1.693,50092486.0,84656301,84656301,2026-08-24,2026-08-24 11:54:30+08:00
512480,半导体ETF国联安,1.005,1.0065,0.15,-0.037,-3.55,9536230.0,971978289.0,1.041,1.043,0.998,1.042,4.32,4.97,1.25,17.09,4045634.0,5490596.0,-149047472.0,-15.33,-126799888.0,-13.05,-22247584.0,-2.29,51947030.0,5.34,97100453.0,9.99,-31.0,1.005,1.006,19202007296.0,19298017332,19298017332,2026-08-24,2026-08-24 11:54:22+08:00
159206,卫星ETF永赢,1.306,1.3082,0.17,-0.048,-3.55,3068567.0,405278864.289,1.341,1.351,1.299,1.354,3.84,3.07,1.0,-41.13,1289180.0,1779387.0,76557048.0,18.89,73560654.0,18.15,2996394.0,0.74,-21234490.0,-5.24,-55322558.0,-13.65,-295.0,1.305,1.306,9985953280.0,13041654984,13041654984,2026-08-24,2026-08-24 11:53:51+08:00
589600,科创综指ETF富国,1.52,1.5225,0.16,-0.056,-3.55,70642.0,10837514.0,1.577,1.577,1.513,1.576,4.06,3.19,1.12,0.13,49029.0,21613.0,825019.0,7.61,1567436.0,14.46,-742417.0,-6.85,-966069.0,-8.91,141051.0,1.3,-4.0,1.52,1.525,221535000.0,336733200,336733200,2026-08-24,2026-08-24 11:53:50+08:00
159152,港股通科技ETF平安,0.76,0.7564,-0.48,-0.028,-3.55,269244.0,20563284.9,0.785,0.785,0.758,0.788,3.43,3.29,1.83,-6.06,104546.0,164698.0,-2867775.0,-13.95,1415205.0,6.88,-4282980.0,-20.83,1944903.0,9.46,922873.0,4.49,1000.0,0.759,0.761,818556096.0,622102633,622102633,2026-08-24,2026-08-24 11:54:15+08:00
159740,恒生科技ETF大成,0.571,0.5704,-0.11,-0.021,-3.55,11053433.0,635615653.4,0.586,0.586,0.57,0.592,2.7,4.34,1.65,21.42,4322090.0,6731343.0,-123710457.0,-19.46,-182058864.0,-28.64,58348407.0,9.18,87376110.0,13.75,36334352.0,5.72,102.0,0.57,0.571,25488120576.0,14553716849,14553716849,2026-08-24,2026-08-24 11:53:36+08:00
513310,中韩半导体ETF华泰柏瑞,4.678,4.2037,-11.28,-0.172,-3.55,4577418.0,2149805009.0,4.723,4.746,4.673,4.85,1.51,19.02,0.44,59.01,2220696.0,2356722.0,-144535280.0,-6.72,-89724192.0,-4.17,-54811088.0,-2.55,34398000.0,1.6,110137267.0,5.12,882.0,4.677,4.678,2406427008.0,11257265543,11257265543,2026-08-24,2026-08-24 11:54:08+08:00
588800,科创100ETF华夏,1.735,1.7361,0.06,-0.064,-3.56,1553584.0,273318824.0,1.798,1.8,1.723,1.799,4.28,9.35,1.96,33.62,726773.0,826811.0,-20369814.0,-7.45,1660698.0,0.61,-22030512.0,-8.06,14889022.0,5.45,5480792.0,2.01,-36.0,1.735,1.738,1662377008.0,2884224109,2884224109,2026-08-24,2026-08-24 11:53:47+08:00
589460,科创200ETF华宝,0.945,0.9482,0.34,-0.035,-3.57,87623.0,8404267.0,0.98,0.981,0.943,0.98,3.88,3.87,1.08,9.82,43692.0,43931.0,-302180.0,-3.6,-799250.0,-9.51,497070.0,5.91,-250322.0,-2.98,552503.0,6.57,-121.0,0.944,0.945,226630900.0,214166201,214166201,2026-08-24,2026-08-24 11:53:58+08:00
588290,UC科创芯片ETF华安,1.106,1.1062,0.02,-0.041,-3.57,1189931.0,133843866.0,1.147,1.148,1.099,1.147,4.27,2.39,3.08,1.09,673726.0,516205.0,-1332302.0,-1.0,4430416.0,3.31,-5762718.0,-4.31,-3495231.0,-2.61,4827534.0,3.61,-42.0,1.106,1.107,4969190912.0,5495925149,5495925149,2026-08-24,2026-08-24 11:54:00+08:00
589660,科创综指ETF南方,1.534,1.5336,-0.03,-0.057,-3.58,449959.0,69930485.0,1.588,1.588,1.525,1.591,3.96,16.21,1.97,-9.59,269544.0,180415.0,384242.0,0.55,7724493.0,11.05,-7340251.0,-10.5,-1170727.0,-1.67,786486.0,1.12,176.0,1.528,1.535,277530000.0,425731020,425731020,2026-08-24,2026-08-24 11:53:56+08:00
513770,港股互联网ETF华宝,0.35,0.3509,0.26,-0.013,-3.58,9162365.0,322313059.0,0.356,0.356,0.348,0.363,2.2,6.21,1.63,6.23,3248625.0,5913740.0,-27569243.0,-8.55,-51706661.0,-16.04,24137418.0,7.49,20379331.0,6.32,7189913.0,2.23,-226.0,0.35,0.351,14760137984.0,5166048294,5166048294,2026-08-24,2026-08-24 11:54:21+08:00
589130,科创芯片ETF易方达,1.346,1.3453,-0.05,-0.05,-3.58,1669916.0,228228046.0,1.394,1.396,1.336,1.396,4.3,4.97,1.73,13.72,658599.0,1011317.0,-10415677.0,-4.56,-8886934.0,-3.89,-1528743.0,-0.67,1852880.0,0.81,8562797.0,3.75,100.0,1.344,1.346,3362780000.0,4526301880,4526301880,2026-08-24,2026-08-24 11:54:00+08:00
516800,智能制造ETF华宝,0.943,0.9432,0.02,-0.035,-3.58,39940.0,3828104.0,0.978,0.978,0.94,0.978,3.89,2.19,0.9,97.97,13516.0,26424.0,-924549.0,-24.15,0.0,0.0,-924549.0,-24.15,478362.0,12.5,446186.0,11.66,-354.0,0.942,0.945,182308000.0,171916444,171916444,2026-08-24,2026-08-24 11:54:12+08:00
588750,科创芯片ETF汇添富,2.264,2.2647,0.03,-0.084,-3.58,914541.0,209985135.0,2.346,2.347,2.246,2.348,4.3,2.81,1.46,-18.4,374646.0,539895.0,-4189765.0,-2.0,-1070669.0,-0.51,-3119096.0,-1.49,-5045441.0,-2.4,9235208.0,4.4,9.0,2.263,2.264,3250228000.0,7358516192,7358516192,2026-08-24,2026-08-24 11:53:46+08:00
588810,科创芯片ETF富国,2.426,2.4245,-0.06,-0.09,-3.58,208763.0,51492120.0,2.517,2.517,2.406,2.516,4.41,3.6,0.91,-7.22,101607.0,107156.0,-3995167.0,-7.76,-652088.0,-1.27,-3343079.0,-6.49,1281360.0,2.49,2713806.0,5.27,901.0,2.423,2.429,579324000.0,1405440024,1405440024,2026-08-24,2026-08-24 11:53:44+08:00
588770,科创信息ETF摩根,1.77,1.7702,0.01,-0.066,-3.59,49034.0,8819506.0,1.818,1.826,1.762,1.836,3.49,1.56,1.3,-3.57,27274.0,21760.0,-1301898.0,-14.76,3966.0,0.04,-1305864.0,-14.81,980701.0,11.12,321196.0,3.64,7.0,1.765,1.8,314597104.0,556836874,556836874,2026-08-24,2026-08-24 11:53:50+08:00
159135,港股通科技ETF前海开源,0.779,0.7766,-0.31,-0.029,-3.59,94271.0,7387617.922,0.808,0.808,0.778,0.808,3.71,1.52,2.04,25.55,32606.0,61665.0,-1349154.0,-18.26,-906655.0,-12.27,-442499.0,-5.99,561249.0,7.6,787906.0,10.67,1200.0,0.778,0.78,618466384.0,481785313,481785313,2026-08-24,2026-08-24 11:54:27+08:00
159375,创业板50ETF国泰,0.724,0.7229,-0.15,-0.027,-3.6,166791.0,12226596.7,0.752,0.752,0.722,0.751,3.99,4.72,1.56,-15.93,77464.0,89327.0,-721777.0,-5.9,389386.0,3.18,-1111163.0,-9.09,320303.0,2.62,401473.0,3.28,-2000.0,0.723,0.725,353595344.0,256003029,256003029,2026-08-24,2026-08-24 11:53:48+08:00
159622,创新药ETF东财,1.177,1.1842,0.61,-0.044,-3.6,918609.0,109138214.6,1.21,1.226,1.168,1.221,4.75,7.94,1.4,-20.21,415581.0,503028.0,-13701906.0,-12.55,-8671876.0,-7.95,-5030030.0,-4.61,385875.0,0.35,13316030.0,12.2,6.0,1.177,1.178,1156603232.0,1361322004,1361322004,2026-08-24,2026-08-24 11:53:45+08:00
513890,恒生科技ETF摩根,0.884,0.8838,-0.02,-0.033,-3.6,292408.0,26057202.0,0.91,0.91,0.883,0.917,2.94,3.26,1.88,71.79,101856.0,190552.0,-4168162.0,-16.0,-5409388.0,-20.76,1241226.0,4.76,2336657.0,8.97,1831505.0,7.03,-131.0,0.884,0.885,898128000.0,793945152,793945152,2026-08-24,2026-08-24 11:54:17+08:00
520740,港股通互联网ETF华安,0.91,0.9115,0.16,-0.034,-3.6,29297.0,2683547.0,0.94,0.94,0.906,0.944,3.6,6.1,0.91,35.79,11294.0,18003.0,-294023.0,-10.96,0.0,0.0,-294023.0,-10.96,14007.0,0.52,280016.0,10.43,-39.0,0.909,0.914,48012600.0,43691466,43691466,2026-08-24,2026-08-24 11:53:57+08:00
159742,恒生科技ETF博时,0.586,0.5855,-0.09,-0.022,-3.62,1534635.0,90766313.6,0.602,0.602,0.585,0.608,2.8,2.44,1.58,10.59,518538.0,1016097.0,-22872957.0,-25.2,-24293695.0,-26.77,1420738.0,1.57,15449581.0,17.02,7423377.0,8.18,85.0,0.585,0.586,6279928320.0,3680037996,3680037996,2026-08-24,2026-08-24 11:53:39+08:00
159367,创业板50ETF华夏,1.706,1.705,-0.06,-0.064,-3.62,70269.0,12134932.4,1.77,1.773,1.701,1.77,4.07,4.28,1.11,63.75,20487.0,49782.0,-3084.0,-0.03,320327.0,2.64,-323411.0,-2.67,-2505697.0,-20.65,2508782.0,20.67,7.0,1.702,1.706,164079029.0,279918823,279918823,2026-08-24,2026-08-24 11:53:51+08:00
513150,港股通科技ETF华泰柏瑞,0.956,0.9548,-0.13,-0.036,-3.63,265303.0,25540024.0,0.98,0.985,0.955,0.992,3.02,26.38,1.19,13.11,110718.0,154585.0,-426312.0,-1.67,499318.0,1.96,-925630.0,-3.62,-8476.0,-0.03,434789.0,1.7,50.0,0.955,0.957,100559800.0,96135169,96135169,2026-08-24,2026-08-24 11:54:03+08:00
589860,科创综指ETF天弘,1.513,1.5185,0.36,-0.057,-3.63,148647.0,22818130.0,1.569,1.571,1.508,1.57,4.01,8.34,1.44,0.82,70738.0,77909.0,-381070.0,-1.67,0.0,0.0,-381070.0,-1.67,267084.0,1.17,113985.0,0.5,-560.0,1.514,1.517,178224000.0,269652912,269652912,2026-08-24,2026-08-24 11:53:51+08:00
588030,科创100ETF博时,1.75,1.7524,0.14,-0.066,-3.63,1047660.0,186067239.0,1.818,1.818,1.739,1.816,4.35,4.57,1.56,-63.1,579257.0,468403.0,-17778089.0,-9.55,-3684307.0,-1.98,-14093782.0,-7.57,10254257.0,5.51,7523832.0,4.04,-2132.0,1.75,1.754,2291838096.0,4010716668,4010716668,2026-08-24,2026-08-24 11:53:58+08:00
562560,信息技术ETF华夏,2.175,2.1854,0.48,-0.082,-3.63,3810.0,845230.0,2.255,2.255,2.175,2.257,3.54,1.67,1.46,-95.14,1192.0,2618.0,-13097.0,-1.55,0.0,0.0,-13097.0,-1.55,44360.0,5.25,-31264.0,-3.7,68.0,2.175,2.23,22765500.0,49514963,49514963,2026-08-24,2026-08-24 11:54:12+08:00
560800,数字经济ETF鹏扬,1.112,1.1133,0.12,-0.042,-3.64,43582.0,4911556.0,1.153,1.153,1.108,1.154,3.9,1.48,0.9,22.14,14685.0,28897.0,-1306176.0,-26.59,-804485.0,-16.38,-501691.0,-10.21,581860.0,11.85,724317.0,14.75,-44.0,1.112,1.114,293951104.0,326873628,326873628,2026-08-24,2026-08-24 11:54:09+08:00
159605,中概互联ETF广发,0.795,0.8283,4.02,-0.03,-3.64,1929423.0,154251910.6,0.811,0.811,0.793,0.825,2.18,4.81,1.59,12.38,840997.0,1088426.0,-32276242.0,-20.92,-28976193.0,-18.78,-3300049.0,-2.14,18507653.0,12.0,13768589.0,8.93,-240.0,0.795,0.796,4012486160.0,3189926497,3189926497,2026-08-24,2026-08-24 11:53:45+08:00
159747,香港科技ETF南方,1.165,1.1639,-0.09,-0.044,-3.64,253384.0,29737254.7,1.192,1.196,1.163,1.209,2.73,8.08,1.99,29.75,105117.0,148267.0,-4976446.0,-16.73,-4809229.0,-16.17,-167217.0,-0.56,2988667.0,10.05,1987780.0,6.68,303.0,1.163,1.165,313712272.0,365474797,365474797,2026-08-24,2026-08-24 11:53:51+08:00
159837,生物科技ETF易方达,0.501,0.5007,-0.06,-0.019,-3.65,872987.0,44274088.636,0.52,0.52,0.498,0.52,4.23,3.18,1.62,46.31,344978.0,528009.0,-8326044.0,-18.81,-6491141.0,-14.66,-1834903.0,-4.14,4664420.0,10.54,3661625.0,8.27,199.0,0.5,0.501,2746152832.0,1375822569,1375822569,2026-08-24,2026-08-24 11:53:48+08:00
159101,港股通科技ETF华夏,0.74,0.7362,-0.52,-0.028,-3.65,1218086.0,90504278.541,0.757,0.757,0.737,0.768,2.6,4.24,1.21,-8.84,453877.0,764209.0,-8932635.0,-9.87,-125403.0,-0.14,-8807232.0,-9.73,5547044.0,6.13,3385592.0,3.74,61.0,0.738,0.74,2874311456.0,2126990477,2126990477,2026-08-24,2026-08-24 11:54:12+08:00
513330,恒生互联网ETF华夏,0.37,0.3683,-0.46,-0.014,-3.65,26115580.0,974346456.0,0.379,0.379,0.369,0.384,2.6,3.8,1.44,2.51,7693045.0,18422535.0,-146205655.0,-15.01,-236220816.0,-24.24,90015161.0,9.24,106318939.0,10.91,39886712.0,4.09,-46.0,0.37,0.371,68731482112.0,25430648381,25430648381,2026-08-24,2026-08-24 11:53:59+08:00
159372,创业板50ETF万家,1.819,1.8186,-0.02,-0.069,-3.65,22945.0,4256868.8,1.888,1.888,1.814,1.888,3.92,3.73,1.41,-8.64,6651.0,16294.0,509878.0,11.98,659770.0,15.5,-149892.0,-3.52,-366519.0,-8.61,-143359.0,-3.37,28.0,1.815,1.82,61451588.0,111780439,111780439,2026-08-24,2026-08-24 11:53:45+08:00
588880,科创100ETF华泰柏瑞,1.737,1.7406,0.21,-0.066,-3.66,28752.0,5077060.0,1.803,1.803,1.73,1.803,4.05,2.73,1.08,94.82,12553.0,16199.0,204295.0,4.02,73128.0,1.44,131167.0,2.58,-448786.0,-8.84,244492.0,4.82,-57.0,1.739,1.784,105368000.0,183024216,183024216,2026-08-24,2026-08-24 11:54:03+08:00
159527,云计算ETF广发,0.685,0.685,0.0,-0.026,-3.66,127297.0,8819491.0,0.711,0.711,0.683,0.711,3.94,2.8,0.87,68.94,44192.0,83105.0,-526999.0,-5.98,1025254.0,11.62,-1552253.0,-17.6,-1162472.0,-13.18,1689471.0,19.16,-15.0,0.684,0.685,454301344.0,311196421,311196421,2026-08-24,2026-08-24 11:54:12+08:00
588980,科创100ETF广发,1.605,1.6093,0.27,-0.061,-3.66,1181.0,192652.0,1.653,1.668,1.6,1.666,4.08,0.99,0.15,0.18,526.0,655.0,-30671.0,-15.92,0.0,0.0,-30671.0,-15.92,0.0,0.0,30671.0,15.92,1.0,1.604,1.613,11920000.0,19131600,19131600,2026-08-24,2026-08-24 11:54:05+08:00
159599,芯片ETF东财,2.71,2.7045,-0.2,-0.103,-3.66,403377.0,110662019.8,2.809,2.811,2.69,2.813,4.3,5.63,1.1,58.36,185227.0,218150.0,-22697929.0,-20.51,-13173149.0,-11.9,-9524780.0,-8.61,-7058436.0,-6.38,29756365.0,26.89,-47.0,2.71,2.713,716822064.0,1942587793,1942587793,2026-08-24,2026-08-24 11:53:51+08:00
589160,科创芯片ETF广发,1.233,1.2322,-0.06,-0.047,-3.67,216929.0,27178698.0,1.285,1.285,1.222,1.28,4.92,7.63,1.47,65.5,102243.0,114686.0,-2623776.0,-9.65,782582.0,2.88,-3406358.0,-12.53,-444976.0,-1.64,3068753.0,11.29,10.0,1.23,1.233,284296000.0,350536968,350536968,2026-08-24,2026-08-24 11:53:47+08:00
513320,港股通新经济ETF易方达,1.076,1.0771,0.1,-0.041,-3.67,86669.0,9375418.0,1.1,1.104,1.076,1.117,2.51,9.52,1.03,16.67,43181.0,43488.0,-1627565.0,-17.36,0.0,0.0,-1627565.0,-17.36,1124504.0,11.99,503061.0,5.37,-866.0,1.075,1.077,91010600.0,97927406,97927406,2026-08-24,2026-08-24 11:53:59+08:00
588200,科创芯片ETF嘉实,1.13,1.1305,0.04,-0.043,-3.67,18980388.0,2175069515.0,1.17,1.172,1.122,1.173,4.26,4.45,1.19,5.27,8684789.0,10295600.0,-163047504.0,-7.5,-115217504.0,-5.3,-47830000.0,-2.2,53756309.0,2.47,109291196.0,5.02,3792.0,1.129,1.13,42685184256.0,48234258209,48234258209,2026-08-24,2026-08-24 11:54:03+08:00
516930,生物科技ETF民生加银,0.498,0.4993,0.26,-0.019,-3.68,9913.0,499839.0,0.513,0.519,0.497,0.517,4.26,0.93,1.51,38.24,7093.0,2820.0,5844.0,1.17,261761.0,52.37,-255917.0,-51.2,-46892.0,-9.38,41049.0,8.21,-6.0,0.498,0.512,106139600.0,52857521,52857521,2026-08-24,2026-08-24 11:53:58+08:00
159295,创业综指ETF西部利得,1.022,1.0134,-0.85,-0.039,-3.68,75552.0,7862291.5,1.061,1.061,1.021,1.061,3.77,10.08,1.86,-89.33,50831.0,24721.0,432880.0,5.51,-695800.0,-8.85,1128680.0,14.36,-541459.0,-6.89,108580.0,1.38,19.0,1.022,1.033,74958239.0,76607320,76607320,2026-08-24,2026-08-24 11:53:45+08:00
159783,科创创业50ETF华夏,1.072,1.0705,-0.14,-0.041,-3.68,1175666.0,127744835.069,1.112,1.115,1.067,1.113,4.31,2.3,1.3,64.13,538291.0,637375.0,-22205835.0,-17.38,-13455559.0,-10.53,-8750276.0,-6.85,10350352.0,8.1,11855483.0,9.28,177.0,1.071,1.072,5121659392.0,5490418868,5490418868,2026-08-24,2026-08-24 11:54:15+08:00
520860,港股通科技ETF富国,0.783,0.7832,0.03,-0.03,-3.69,68347.0,5402996.0,0.814,0.814,0.783,0.813,3.81,2.02,0.68,29.94,22268.0,46079.0,-745768.0,-13.8,398000.0,7.37,-1143768.0,-21.17,425819.0,7.88,319947.0,5.92,-3.0,0.783,0.785,338195008.0,264806691,264806691,2026-08-24,2026-08-24 11:54:19+08:00
159310,芯片ETF天弘,2.741,2.7409,0.0,-0.105,-3.69,50827.0,14163434.2,2.845,2.849,2.721,2.846,4.5,1.03,1.2,46.4,23150.0,27677.0,-1520691.0,-10.74,54391.0,0.38,-1575082.0,-11.12,-93276.0,-0.66,1613966.0,11.4,9.0,2.741,2.742,494981088.0,1356743162,1356743162,2026-08-24,2026-08-24 11:54:00+08:00
159377,创业板医药ETF国泰,0.993,0.9912,-0.18,-0.038,-3.69,353372.0,35322593.3,1.021,1.03,0.988,1.031,4.07,25.96,1.6,93.56,190731.0,162641.0,-1220290.0,-3.45,-818469.0,-2.32,-401821.0,-1.14,258174.0,0.73,962117.0,2.72,202.0,0.991,0.996,136129399.0,135176493,135176493,2026-08-24,2026-08-24 11:53:57+08:00
520670,港股通科技ETF嘉实,0.757,0.7558,-0.16,-0.029,-3.69,58438.0,4447618.0,0.784,0.784,0.756,0.786,3.56,2.73,1.3,4.31,14311.0,44127.0,-640430.0,-14.4,0.0,0.0,-640430.0,-14.4,392167.0,8.82,248262.0,5.58,660.0,0.758,0.759,213928100.0,161943572,161943572,2026-08-24,2026-08-24 11:53:57+08:00
520590,恒生科技ETF鹏华,0.781,0.7799,-0.14,-0.03,-3.7,92053.0,7237187.0,0.806,0.806,0.779,0.811,3.33,4.69,1.6,20.08,31379.0,60674.0,-3019293.0,-41.72,-3285227.0,-45.39,265934.0,3.67,2021475.0,27.93,997818.0,13.79,131.0,0.78,0.781,196235000.0,153259535,153259535,2026-08-24,2026-08-24 11:54:07+08:00
159939,信息技术ETF广发,1.067,1.0683,0.12,-0.041,-3.7,206656.0,22447198.1,1.106,1.108,1.061,1.108,4.24,2.63,1.27,-39.57,103069.0,103587.0,-395703.0,-1.76,2261995.0,10.08,-2657698.0,-11.84,-352248.0,-1.57,747951.0,3.33,50.0,1.066,1.07,785656112.0,838295072,838295072,2026-08-24,2026-08-24 11:53:42+08:00
159810,创业板ETF浦银,1.375,1.3766,0.12,-0.053,-3.71,11843.0,1654167.1,1.426,1.426,1.373,1.428,3.71,2.1,0.61,31.01,4607.0,7236.0,-102604.0,-6.2,0.0,0.0,-102604.0,-6.2,-166346.0,-10.06,268949.0,16.26,-55.0,1.376,1.378,56475458.0,77653755,77653755,2026-08-24,2026-08-24 11:53:39+08:00
512760,芯片ETF国泰,1.063,1.064,0.09,-0.041,-3.71,2934000.0,316298335.0,1.104,1.105,1.056,1.104,4.44,3.08,1.27,5.3,1069079.0,1864921.0,-36139357.0,-11.43,-16764907.0,-5.3,-19374450.0,-6.13,6421788.0,2.03,29717568.0,9.4,14.0,1.063,1.064,9533445632.0,10134052707,10134052707,2026-08-24,2026-08-24 11:54:19+08:00
159997,电子ETF天弘,2.022,2.0181,-0.19,-0.078,-3.71,631204.0,130205343.123,2.102,2.106,2.011,2.1,4.52,9.09,2.4,-25.21,199028.0,432176.0,3990732.0,3.06,43517572.0,33.42,-39526840.0,-30.36,-7240879.0,-5.56,3250148.0,2.5,-950.0,2.019,2.027,694306640.0,1403888026,1403888026,2026-08-24,2026-08-24 11:54:09+08:00
588860,科创医药ETF工银,0.674,0.6727,-0.19,-0.026,-3.71,220124.0,15043946.0,0.699,0.701,0.668,0.7,4.71,6.46,1.6,93.84,83212.0,136912.0,-3028800.0,-20.13,691724.0,4.6,-3720524.0,-24.73,1810480.0,12.03,1218318.0,8.1,100.0,0.672,0.676,340889408.0,229759461,229759461,2026-08-24,2026-08-24 11:54:04+08:00
159108,工业软件ETF博时,0.934,0.9352,0.13,-0.036,-3.71,21656.0,2043572.2,0.97,0.98,0.932,0.97,4.95,1.76,1.09,9.85,5993.0,15663.0,9601.0,0.47,31038.0,1.52,-21437.0,-1.05,-166708.0,-8.16,157106.0,7.69,84.0,0.933,0.954,122738511.0,114637769,114637769,2026-08-24,2026-08-24 11:54:21+08:00
588920,科创芯片ETF鹏华,1.086,1.0884,0.22,-0.042,-3.72,182881.0,20179632.0,1.129,1.129,1.08,1.128,4.34,5.59,1.18,6.81,67471.0,115410.0,-3754980.0,-18.61,-1914120.0,-9.49,-1840860.0,-9.12,1397048.0,6.92,2357931.0,11.68,862.0,1.086,1.094,326876000.0,354987336,354987336,2026-08-24,2026-08-24 11:53:53+08:00
513010,恒生科技ETF易方达,0.595,0.5959,0.15,-0.023,-3.72,9932563.0,596426369.0,0.611,0.611,0.595,0.618,2.59,2.24,1.85,26.96,3939724.0,5992839.0,-109897409.0,-18.43,-158612672.0,-26.59,48715263.0,8.17,72634189.0,12.18,37263213.0,6.25,-62.0,0.595,0.596,44430307072.0,26436032708,26436032708,2026-08-24,2026-08-24 11:54:00+08:00
159667,工业母机ETF国泰,0.645,0.6454,0.06,-0.025,-3.73,1082724.0,70737938.9,0.675,0.675,0.641,0.67,5.07,2.93,0.61,56.7,405083.0,677641.0,-3721556.0,-5.26,-5549082.0,-7.84,1827526.0,2.58,-1802906.0,-2.55,5524462.0,7.81,642.0,0.644,0.645,3693050720.0,2382017714,2382017714,2026-08-24,2026-08-24 11:54:27+08:00
588690,科创增强ETF银华,1.163,1.1609,-0.18,-0.045,-3.73,6749.0,792197.0,1.2,1.202,1.152,1.208,4.14,1.31,1.07,82.57,2224.0,4525.0,112489.0,14.2,3349.0,0.42,109140.0,13.78,-242281.0,-30.58,129791.0,16.38,18.0,1.155,1.167,51636000.0,60052668,60052668,2026-08-24,2026-08-24 11:53:43+08:00
588260,科创信息ETF华安,2.426,2.4314,0.22,-0.094,-3.73,10404.0,2556874.0,2.508,2.509,2.417,2.52,3.65,2.23,1.39,-13.49,3979.0,6425.0,171104.0,6.69,554615.0,21.69,-383511.0,-15.0,-186443.0,-7.29,15338.0,0.6,-1.0,2.424,2.477,46746000.0,113405796,113405796,2026-08-24,2026-08-24 11:53:55+08:00
588300,科创创业50ETF招商,1.108,1.1079,-0.01,-0.043,-3.74,261432.0,29369324.0,1.151,1.153,1.103,1.151,4.34,1.74,1.12,29.09,100888.0,160544.0,-5219576.0,-17.77,-663410.0,-2.26,-4556166.0,-15.51,2335863.0,7.95,2883714.0,9.82,1.0,1.106,1.11,1498210496.0,1660017230,1660017230,2026-08-24,2026-08-24 11:54:05+08:00
588320,双创50增强ETF广发,1.697,1.6931,-0.23,-0.066,-3.74,46242.0,7935774.0,1.763,1.763,1.691,1.763,4.08,6.18,1.23,23.53,18570.0,27672.0,-1934265.0,-24.37,0.0,0.0,-1934265.0,-24.37,57120.0,0.72,1877146.0,23.65,30.0,1.692,1.697,74824600.0,126977346,126977346,2026-08-24,2026-08-24 11:53:58+08:00
159645,疫苗ETF富国,0.618,0.6193,0.21,-0.024,-3.74,116581.0,7292877.1,0.638,0.645,0.618,0.642,4.21,12.6,1.08,-44.72,56888.0,59693.0,-312126.0,-4.28,-70151.0,-0.96,-241975.0,-3.32,358545.0,4.92,-46419.0,-0.64,-35.0,0.618,0.619,92540740.0,57190177,57190177,2026-08-24,2026-08-24 11:54:15+08:00
589100,科创芯片ETF国泰,0.876,0.8761,0.01,-0.034,-3.74,482299.0,43026239.0,0.91,0.91,0.869,0.91,4.51,5.4,1.5,5.46,202601.0,279698.0,-2445769.0,-5.68,-2054482.0,-4.77,-391287.0,-0.91,-92184.0,-0.21,2537952.0,5.9,-795.0,0.873,0.877,893442496.0,782655626,782655626,2026-08-24,2026-08-24 11:53:56+08:00
520790,港股通互联网ETF兴业,0.823,0.8184,-0.56,-0.032,-3.74,48403.0,3997428.0,0.851,0.851,0.821,0.855,3.51,0.96,0.97,28.79,11652.0,36751.0,-556437.0,-13.92,-1074104.0,-26.87,517667.0,12.95,303865.0,7.6,252572.0,6.32,-469.0,0.822,0.83,505075008.0,415676732,415676732,2026-08-24,2026-08-24 11:53:59+08:00
159560,芯片ETF景顺,2.208,2.2092,0.05,-0.086,-3.75,62194.0,13932942.7,2.298,2.298,2.192,2.294,4.62,3.14,1.05,85.85,30461.0,31733.0,-132219.0,-0.95,0.0,0.0,-132219.0,-0.95,-1169466.0,-8.39,1301685.0,9.34,5.0,2.206,2.208,197916460.0,436999544,436999544,2026-08-24,2026-08-24 11:54:18+08:00
589950,科创100ETF富国,1.31,1.3117,0.13,-0.051,-3.75,20502.0,2726171.0,1.361,1.362,1.304,1.361,4.26,0.61,0.99,-43.87,9016.0,11486.0,-428239.0,-15.71,56373.0,2.07,-484612.0,-17.78,-104073.0,-3.82,532310.0,19.53,-113.0,1.312,1.323,336873008.0,441303640,441303640,2026-08-24,2026-08-24 11:54:00+08:00
516920,芯片ETF汇添富,1.362,1.3617,-0.02,-0.053,-3.75,193691.0,26825130.0,1.415,1.415,1.352,1.415,4.45,4.04,1.32,38.79,84921.0,108770.0,-4258229.0,-15.87,-2821671.0,-10.52,-1436558.0,-5.36,824095.0,3.07,3434134.0,12.8,13.0,1.361,1.362,479463008.0,653028617,653028617,2026-08-24,2026-08-24 11:54:06+08:00
517230,云计算ETF永赢,0.946,0.9413,-0.5,-0.037,-3.76,48860.0,4655766.0,0.98,0.98,0.94,0.983,4.07,2.62,0.53,-8.53,12947.0,35913.0,-1036838.0,-22.27,209730.0,4.5,-1246568.0,-26.77,383909.0,8.25,652928.0,14.02,63.0,0.941,0.949,186545800.0,176472327,176472327,2026-08-24,2026-08-24 11:53:55+08:00
589190,科创芯片ETF华宝,0.615,0.615,0.0,-0.024,-3.76,999810.0,62567297.0,0.639,0.639,0.611,0.639,4.38,3.57,2.24,37.72,349229.0,650581.0,-2700612.0,-4.32,-5526876.0,-8.83,2826264.0,4.52,1275860.0,2.04,1424752.0,2.28,8.0,0.615,0.617,2797562000.0,1720500630,1720500630,2026-08-24,2026-08-24 11:53:50+08:00
159813,半导体ETF鹏华,0.714,0.7157,0.24,-0.028,-3.77,2733817.0,197784245.528,0.742,0.742,0.708,0.742,4.58,3.04,1.07,70.01,1129586.0,1604231.0,-46944899.0,-23.74,-37352901.0,-18.89,-9591998.0,-4.85,23151045.0,11.71,23793853.0,12.03,80.0,0.713,0.714,9001724928.0,6427231599,6427231599,2026-08-24,2026-08-24 11:54:15+08:00
516640,芯片ETF富国,1.402,1.402,0.0,-0.055,-3.77,869686.0,123899150.0,1.458,1.459,1.392,1.457,4.6,6.54,1.4,-64.78,381384.0,488302.0,-11550681.0,-9.32,-5612558.0,-4.53,-5938123.0,-4.79,-324713.0,-0.26,11875394.0,9.58,-92.0,1.401,1.403,1330482800.0,1865336886,1865336886,2026-08-24,2026-08-24 11:53:55+08:00
513020,港股科技ETF国泰,0.943,0.9447,0.18,-0.037,-3.78,709218.0,67392386.0,0.968,0.968,0.942,0.98,2.65,3.08,0.84,12.49,311293.0,397925.0,10537067.0,15.64,1378783.0,2.05,9158284.0,13.59,-2756350.0,-4.09,-7780718.0,-11.55,7.0,0.942,0.943,2304145408.0,2172809120,2172809120,2026-08-24,2026-08-24 11:54:08+08:00
515260,电子ETF华宝,0.812,0.8133,0.16,-0.032,-3.79,433739.0,35846650.0,0.845,0.849,0.808,0.844,4.86,4.81,1.13,41.94,217883.0,215856.0,-1890793.0,-5.27,-9496.0,-0.03,-1881297.0,-5.25,-3768574.0,-10.51,5659366.0,15.79,-49.0,0.812,0.813,902568400.0,732885541,732885541,2026-08-24,2026-08-24 11:54:22+08:00
517380,创新药ETF天弘,0.862,0.8662,0.48,-0.034,-3.79,1327757.0,115407919.0,0.895,0.896,0.855,0.896,4.58,4.2,1.52,30.45,566952.0,760805.0,-6952788.0,-6.02,-8286139.0,-7.18,1333351.0,1.16,3073787.0,2.66,3879000.0,3.36,100.0,0.862,0.863,3158326304.0,2722477274,2722477274,2026-08-24,2026-08-24 11:54:18+08:00
159849,生物科技ETF招商,0.506,0.5056,-0.08,-0.02,-3.8,30352.0,1557189.7,0.521,0.526,0.504,0.526,4.18,1.94,1.01,70.38,9012.0,21340.0,-405546.0,-26.04,-659283.0,-42.34,253737.0,16.29,85237.0,5.47,320309.0,20.57,100.0,0.505,0.513,156372396.0,79124432,79124432,2026-08-24,2026-08-24 11:53:45+08:00
159991,创业板大盘ETF招商,0.811,0.8115,0.06,-0.032,-3.8,38816.0,3190139.7,0.842,0.843,0.81,0.843,3.91,3.78,1.37,16.71,16093.0,22723.0,-1120332.0,-35.12,-528284.0,-16.56,-592048.0,-18.56,877972.0,27.52,242362.0,7.6,37.0,0.81,0.813,102663172.0,83259832,83259832,2026-08-24,2026-08-24 11:53:33+08:00
159262,港股通科技ETF广发,0.836,0.8337,-0.28,-0.033,-3.8,1566433.0,131838455.4,0.86,0.861,0.835,0.869,2.99,2.81,0.94,17.52,626262.0,940171.0,-18966432.0,-14.39,-17388582.0,-13.19,-1577850.0,-1.2,11807558.0,8.96,7158875.0,5.43,10.0,0.835,0.836,5576720384.0,4662138241,4662138241,2026-08-24,2026-08-24 11:54:27+08:00
588330,双创50ETF华宝,1.086,1.0829,-0.29,-0.043,-3.81,443542.0,48904743.0,1.132,1.132,1.082,1.129,4.43,3.92,1.26,43.14,194427.0,249115.0,-5964536.0,-12.2,-470586.0,-0.96,-5493950.0,-11.23,595161.0,1.22,5369375.0,10.98,-310.0,1.085,1.086,1131737808.0,1229067259,1229067259,2026-08-24,2026-08-24 11:54:03+08:00
159540,信创ETF易方达,1.837,1.8408,0.21,-0.073,-3.82,147100.0,27340898.5,1.926,1.926,1.825,1.91,5.29,12.01,2.42,-33.4,88825.0,58275.0,-4126272.0,-15.09,-11126210.0,-40.69,6999938.0,25.6,2429086.0,8.88,1697187.0,6.21,18.0,1.832,1.837,122505191.0,225042036,225042036,2026-08-24,2026-08-24 11:54:18+08:00
589980,科创100ETF汇添富,1.811,1.8136,0.14,-0.072,-3.82,12287.0,2251143.0,1.883,1.941,1.801,1.883,7.43,0.95,0.68,6.15,3715.0,8572.0,-228235.0,-10.14,-657368.0,-29.2,429133.0,19.06,-8489.0,-0.38,236723.0,10.52,-30.0,1.811,1.815,129122000.0,233839942,233839942,2026-08-24,2026-08-24 11:53:49+08:00
589080,科创综指ETF汇添富,1.511,1.5185,0.49,-0.06,-3.82,95845.0,14725407.0,1.571,1.571,1.506,1.571,4.14,6.7,0.8,4.93,23584.0,72261.0,-163277.0,-1.11,-237562.0,-1.61,74285.0,0.5,295026.0,2.0,-131749.0,-0.89,-29.0,1.512,1.516,143061000.0,216165171,216165171,2026-08-24,2026-08-24 11:53:44+08:00
517120,创新药ETF华泰柏瑞,0.754,0.7573,0.44,-0.03,-3.83,307152.0,23398660.0,0.768,0.785,0.75,0.784,4.46,5.25,1.61,65.44,117316.0,189836.0,-2457029.0,-10.5,-745802.0,-3.19,-1711227.0,-7.31,-52528.0,-0.22,2509556.0,10.73,-300.0,0.754,0.755,584966400.0,441064666,441064666,2026-08-24,2026-08-24 11:54:07+08:00
588550,科创综指增强ETF易方达,1.306,1.3076,0.12,-0.052,-3.83,13183.0,1745265.0,1.356,1.358,1.303,1.358,4.05,1.96,0.45,-14.23,7009.0,6174.0,386046.0,22.12,117155.0,6.71,268891.0,15.41,-666369.0,-38.18,280322.0,16.06,19.0,1.305,1.306,67290000.0,87880740,87880740,2026-08-24,2026-08-24 11:53:52+08:00
515000,科技ETF华宝,1.23,1.2312,0.1,-0.049,-3.83,772432.0,96492228.0,1.28,1.28,1.224,1.279,4.38,2.47,1.03,11.2,294843.0,477589.0,-13976148.0,-14.48,597046.0,0.62,-14573194.0,-15.1,3420393.0,3.54,10555755.0,10.94,-85.0,1.229,1.23,3130579296.0,3850612534,3850612534,2026-08-24,2026-08-24 11:54:05+08:00
159801,芯片ETF广发,1.106,1.1044,-0.14,-0.044,-3.83,1180423.0,132640644.52,1.15,1.151,1.098,1.15,4.61,2.63,1.17,6.93,460055.0,720368.0,-23809858.0,-17.95,-4663437.0,-3.52,-19146421.0,-14.43,6301112.0,4.75,17508747.0,13.2,2.0,1.105,1.106,4496120064.0,4972708791,4972708791,2026-08-24,2026-08-24 11:53:51+08:00
159688,恒生互联网ETF华安,0.751,0.7495,-0.2,-0.03,-3.84,878738.0,66319900.5,0.766,0.767,0.748,0.781,2.43,6.57,1.36,1.95,391093.0,487645.0,-7823206.0,-11.8,-4141031.0,-6.24,-3682175.0,-5.55,4191386.0,6.32,3631820.0,5.48,-630.0,0.751,0.752,1337778480.0,1004671638,1004671638,2026-08-24,2026-08-24 11:53:39+08:00
588900,科创100ETF南方,1.797,1.8026,0.31,-0.072,-3.85,33426.0,6111539.0,1.87,1.87,1.792,1.869,4.17,0.95,1.03,5.89,12399.0,21027.0,-157492.0,-2.58,7201.0,0.12,-164693.0,-2.69,126241.0,2.07,31251.0,0.51,5.0,1.799,1.806,352783008.0,633951065,633951065,2026-08-24,2026-08-24 11:53:56+08:00
520840,港股通恒生科技ETF华安,0.75,0.7469,-0.42,-0.03,-3.85,465055.0,35114182.0,0.774,0.774,0.749,0.78,3.21,4.15,1.87,2.25,156055.0,309000.0,-11208370.0,-31.92,-9049588.0,-25.77,-2158782.0,-6.15,8226148.0,23.43,2982221.0,8.49,200.0,0.749,0.75,1119549008.0,839661756,839661756,2026-08-24,2026-08-24 11:54:00+08:00
159128,港股科技ETF天弘,0.723,0.722,-0.14,-0.029,-3.86,229104.0,16671179.419,0.751,0.751,0.722,0.752,3.86,1.21,0.67,22.45,75950.0,153154.0,-2676915.0,-16.06,1085451.0,6.51,-3762366.0,-22.57,1633199.0,9.8,1043716.0,6.26,2.0,0.722,0.723,1891760848.0,1367743093,1367743093,2026-08-24,2026-08-24 11:53:57+08:00
588390,科创创业ETF博时,1.167,1.1683,0.11,-0.047,-3.87,29103.0,3458533.0,1.217,1.217,1.164,1.214,4.37,1.83,0.65,3.4,9114.0,19989.0,370984.0,10.73,90616.0,2.62,280368.0,8.11,-803764.0,-23.24,432779.0,12.51,-250.0,1.166,1.17,158935900.0,185478195,185478195,2026-08-24,2026-08-24 11:53:58+08:00
159538,信创ETF富国,0.866,0.8656,-0.05,-0.035,-3.88,64715.0,5656810.6,0.9,0.9,0.86,0.901,4.44,2.83,0.81,60.1,26261.0,38454.0,-1930202.0,-34.12,-1482921.0,-26.21,-447281.0,-7.91,-32532.0,-0.58,1962734.0,34.7,13.0,0.861,0.866,228608966.0,197975365,197975365,2026-08-24,2026-08-24 11:54:00+08:00
159202,恒生互联网ETF万家,0.793,0.7909,-0.27,-0.032,-3.88,1404131.0,111735617.4,0.811,0.813,0.789,0.825,2.91,11.51,1.91,-10.55,574900.0,829231.0,-15921516.0,-14.25,-13264780.0,-11.87,-2656736.0,-2.38,10173500.0,9.1,5748016.0,5.14,14.0,0.792,0.793,1219401904.0,966985710,966985710,2026-08-24,2026-08-24 11:54:18+08:00
159995,芯片ETF华夏,1.114,1.1136,-0.04,-0.045,-3.88,4814471.0,544672640.26,1.158,1.159,1.106,1.159,4.57,2.01,1.16,38.65,2042653.0,2771818.0,-121853028.0,-22.37,-90216528.0,-16.56,-31636500.0,-5.81,29548210.0,5.42,92304818.0,16.95,15.0,1.113,1.114,24001126144.0,26737254524,26737254524,2026-08-24,2026-08-24 11:53:39+08:00
159781,科创创业ETF易方达,1.066,1.0646,-0.13,-0.043,-3.88,2045019.0,220500179.132,1.107,1.11,1.061,1.109,4.42,1.3,0.82,88.93,807002.0,1238017.0,-60110851.0,-27.26,-66916568.0,-30.35,6805717.0,3.09,33055125.0,14.99,27055725.0,12.27,752.0,1.064,1.067,15676860416.0,16711533203,16711533203,2026-08-24,2026-08-24 11:53:42+08:00
159280,港股通互联网ETF汇添富,0.693,0.6918,-0.17,-0.028,-3.88,61967.0,4317114.1,0.713,0.713,0.691,0.721,3.05,6.21,1.54,28.27,22600.0,39367.0,-905580.0,-20.98,-568.0,-0.01,-905012.0,-20.96,393804.0,9.12,511775.0,11.85,20.0,0.692,0.694,99717171.0,69104000,69104000,2026-08-24,2026-08-24 11:54:39+08:00
516350,芯片ETF易方达,1.584,1.5881,0.26,-0.064,-3.88,774171.0,124825074.0,1.65,1.65,1.575,1.648,4.55,5.17,1.22,92.25,401575.0,372596.0,12047790.0,9.65,12659798.0,10.14,-612008.0,-0.49,-1855482.0,-1.49,-10192309.0,-8.17,-15.0,1.584,1.585,1496415296.0,2370321829,2370321829,2026-08-24,2026-08-24 11:54:10+08:00
159170,港股通互联网ETF永赢,0.841,0.8419,0.11,-0.034,-3.89,82670.0,6991931.4,0.86,0.874,0.838,0.875,4.11,2.07,0.57,27.77,39799.0,42871.0,-190750.0,-2.73,-104435.0,-1.49,-86315.0,-1.23,-264141.0,-3.78,454891.0,6.51,100.0,0.84,0.841,399638352.0,336095854,336095854,2026-08-24,2026-08-24 11:54:00+08:00
588100,科创信息ETF嘉实,0.838,0.8398,0.21,-0.034,-3.9,92892.0,7875268.0,0.867,0.87,0.835,0.872,4.01,4.6,1.52,89.77,30796.0,62096.0,-963790.0,-12.24,-1297616.0,-16.48,333826.0,4.24,502249.0,6.38,461541.0,5.86,-410.0,0.839,0.848,201746200.0,169063316,169063316,2026-08-24,2026-08-24 11:53:54+08:00
159603,科创创业ETF天弘,1.649,1.6483,-0.04,-0.067,-3.9,38925.0,6507290.8,1.717,1.719,1.641,1.716,4.55,0.15,0.95,6.33,16488.0,22437.0,-1507686.0,-23.17,-1182981.0,-18.18,-324705.0,-4.99,-264378.0,-4.06,1772064.0,27.23,7.0,1.646,1.649,2542071920.0,4191876596,4191876596,2026-08-24,2026-08-24 11:53:39+08:00
159909,TMT50ETF招商,1.28,1.2786,-0.11,-0.052,-3.9,23238.0,3013390.3,1.334,1.335,1.273,1.332,4.65,0.44,0.94,-46.68,11651.0,11587.0,-445768.0,-14.79,0.0,0.0,-445768.0,-14.79,-107101.0,-3.55,552870.0,18.35,-4.0,1.277,1.29,531562000.0,680399360,680399360,2026-08-24,2026-08-24 11:54:27+08:00
588400,科创创业ETF嘉实,1.085,1.0864,0.13,-0.044,-3.9,201778.0,22282607.0,1.129,1.131,1.083,1.129,4.25,1.51,0.72,25.7,66906.0,134872.0,-2644102.0,-11.87,-1295672.0,-5.81,-1348430.0,-6.05,540240.0,2.42,2103861.0,9.44,-885.0,1.085,1.088,1338600608.0,1452381660,1452381660,2026-08-24,2026-08-24 11:54:01+08:00
159748,创新药ETF富国,0.834,0.8365,0.3,-0.034,-3.92,807323.0,67985704.0,0.861,0.868,0.829,0.868,4.49,5.37,1.41,19.07,330980.0,476343.0,-6875802.0,-10.11,-8486649.0,-12.48,1610847.0,2.37,1908638.0,2.81,4967163.0,7.31,-15.0,0.833,0.834,1503692128.0,1254079235,1254079235,2026-08-24,2026-08-24 11:54:12+08:00
515320,电子50ETF华安,1.467,1.4683,0.09,-0.06,-3.93,51928.0,7751799.0,1.528,1.533,1.459,1.527,4.85,5.69,0.94,17.79,28497.0,23431.0,-716231.0,-9.24,0.0,0.0,-716231.0,-9.24,394313.0,5.09,321918.0,4.15,-40.0,1.463,1.472,91309000.0,133950303,133950303,2026-08-24,2026-08-24 11:54:21+08:00
588250,科创医药ETF鹏华,1.049,1.0479,-0.1,-0.043,-3.94,76183.0,8097673.0,1.092,1.093,1.041,1.092,4.76,2.89,0.91,34.5,42770.0,33413.0,-1759029.0,-21.72,-598008.0,-7.38,-1161021.0,-14.34,781845.0,9.66,977184.0,12.07,-158.0,1.048,1.049,263675000.0,276595075,276595075,2026-08-24,2026-08-24 11:53:59+08:00
588310,科创创业ETF方正富邦,1.146,1.1496,0.31,-0.047,-3.94,11619.0,1351996.0,1.193,1.195,1.145,1.193,4.19,3.07,0.39,8.81,4020.0,7599.0,324255.0,23.98,11070.0,0.82,313185.0,23.16,-170100.0,-12.58,-154155.0,-11.4,-2.0,1.146,1.147,37837500.0,43361775,43361775,2026-08-24,2026-08-24 11:53:59+08:00
159695,通信ETF嘉实,0.925,0.9244,-0.06,-0.038,-3.95,419625.0,39441607.1,0.96,0.965,0.92,0.963,4.67,4.87,1.27,59.51,200380.0,219245.0,672312.0,1.7,2990136.0,7.58,-2317824.0,-5.88,-3731180.0,-9.46,3058869.0,7.76,5.0,0.923,0.925,861436256.0,796828537,796828537,2026-08-24,2026-08-24 11:54:33+08:00
159782,双创50ETF银华,1.069,1.0693,0.03,-0.044,-3.95,184356.0,19973157.2,1.113,1.114,1.065,1.113,4.4,3.3,1.27,71.6,62775.0,121581.0,-3347636.0,-16.76,-984652.0,-4.93,-2362984.0,-11.83,456261.0,2.28,2891376.0,14.48,-20.0,1.069,1.07,558190272.0,596705401,596705401,2026-08-24,2026-08-24 11:54:12+08:00
159780,科创创业50ETF南方,1.066,1.0639,-0.2,-0.044,-3.96,707452.0,76565631.755,1.109,1.109,1.062,1.11,4.23,1.98,0.94,38.52,271921.0,435532.0,-6264003.0,-8.18,2199925.0,2.87,-8463928.0,-11.05,-934491.0,-1.22,7198495.0,9.4,-31.0,1.065,1.066,3574448576.0,3810362182,3810362182,2026-08-24,2026-08-24 11:54:09+08:00
560660,云计算50ETF新华,1.044,1.0431,-0.09,-0.043,-3.96,32764.0,3453913.0,1.083,1.087,1.039,1.087,4.42,2.52,0.81,54.04,10493.0,22271.0,-97749.0,-2.83,0.0,0.0,-97749.0,-2.83,-558758.0,-16.18,656507.0,19.01,100.0,1.042,1.049,129938000.0,135655272,135655272,2026-08-24,2026-08-24 11:53:59+08:00
159099,云计算ETF华宝,0.946,0.9446,-0.15,-0.039,-3.96,57626.0,5530626.17,0.985,0.993,0.942,0.985,5.18,5.21,0.81,56.78,14411.0,43215.0,-1417567.0,-25.63,1008326.0,18.23,-2425893.0,-43.86,658396.0,11.9,759173.0,13.73,-25.0,0.943,0.946,110610546.0,104637577,104637577,2026-08-24,2026-08-24 11:53:45+08:00
159507,通信ETF广发,0.844,0.8446,0.07,-0.035,-3.98,493170.0,42272904.0,0.88,0.88,0.84,0.879,4.55,5.81,1.29,58.88,243378.0,249792.0,-5650304.0,-13.37,-2776550.0,-6.57,-2873754.0,-6.8,-457662.0,-1.08,6107966.0,14.45,-86.0,0.844,0.845,848830896.0,716413276,716413276,2026-08-24,2026-08-24 11:53:45+08:00
588350,科创创业50ETF鹏扬,1.663,1.667,0.24,-0.069,-3.98,9301.0,1570156.0,1.732,1.747,1.66,1.732,5.02,0.14,0.83,-2.03,3652.0,5649.0,-487897.0,-31.07,-277360.0,-17.66,-210537.0,-13.41,119268.0,7.6,368629.0,23.48,-15.0,1.662,1.666,642546000.0,1068553998,1068553998,2026-08-24,2026-08-24 11:53:58+08:00
159010,港股通科技ETF博时,0.892,0.891,-0.11,-0.037,-3.98,54066.0,4872291.2,0.921,0.929,0.892,0.929,3.98,2.76,1.34,69.01,17100.0,36966.0,-996329.0,-20.45,54040.0,1.11,-1050369.0,-21.56,341454.0,7.01,654875.0,13.44,-290.0,0.892,0.893,196097611.0,174919069,174919069,2026-08-24,2026-08-24 11:54:15+08:00
589270,科创100ETF前海开源,1.107,1.1084,0.13,-0.046,-3.99,16370.0,1841256.0,1.142,1.152,1.1,1.153,4.51,6.68,1.13,-32.31,8773.0,7597.0,-154199.0,-8.37,2020.0,0.11,-156219.0,-8.48,38593.0,2.1,115606.0,6.28,-6.0,1.107,1.119,24516600.0,27139876,27139876,2026-08-24,2026-08-24 11:53:45+08:00
588700,科创医药ETF嘉实,1.011,1.0098,-0.12,-0.042,-3.99,833866.0,85390005.0,1.047,1.053,1.003,1.053,4.75,17.73,1.73,24.75,383552.0,450314.0,-3865755.0,-4.53,-14949279.0,-17.51,11083524.0,12.98,787531.0,0.92,3078225.0,3.6,98.0,1.01,1.012,470336208.0,475509906,475509906,2026-08-24,2026-08-24 11:53:50+08:00
159906,深成长ETF大成,1.678,1.6757,-0.14,-0.07,-4.0,192162.0,32377505.1,1.748,1.754,1.666,1.748,5.03,12.93,2.13,31.76,115354.0,76808.0,681976.0,2.11,-1505277.0,-4.65,2187253.0,6.76,-772771.0,-2.39,90794.0,0.28,119.0,1.677,1.68,148639725.0,249417459,249417459,2026-08-24,2026-08-24 11:53:45+08:00
159153,消费电子ETF鹏华,1.153,1.1559,0.25,-0.048,-4.0,91724.0,10705299.7,1.201,1.202,1.147,1.201,4.58,9.58,1.65,57.9,42162.0,49562.0,940306.0,8.78,-428274.0,-4.0,1368580.0,12.78,-1675886.0,-15.65,735580.0,6.87,-3.0,1.153,1.155,95725988.0,110372064,110372064,2026-08-24,2026-08-24 11:54:30+08:00
588130,科创医药ETF华夏,1.029,1.0294,0.04,-0.043,-4.01,732668.0,76462110.0,1.063,1.072,1.022,1.072,4.66,16.69,1.39,8.92,307789.0,424879.0,-1658154.0,-2.17,-62508.0,-0.08,-1595646.0,-2.09,-198068.0,-0.26,1856222.0,2.43,-192.0,1.028,1.029,439082608.0,451816004,451816004,2026-08-24,2026-08-24 11:54:10+08:00
159657,疫苗ETF鹏华,0.599,0.5999,0.15,-0.025,-4.01,140218.0,8585793.516,0.619,0.625,0.598,0.624,4.33,7.4,1.03,-75.92,54298.0,85920.0,192566.0,2.24,4044237.0,47.1,-3851671.0,-44.86,-163758.0,-1.91,-28808.0,-0.34,-140.0,0.598,0.6,189514819.0,113519377,113519377,2026-08-24,2026-08-24 11:53:57+08:00
563560,科技成长ETF兴业,1.15,1.1496,-0.03,-0.048,-4.01,70644.0,8282700.0,1.2,1.2,1.149,1.198,4.26,12.67,2.68,-60.53,33645.0,36999.0,-992741.0,-11.99,-187621.0,-2.27,-805120.0,-9.72,783339.0,9.46,209402.0,2.53,13.0,1.15,1.196,55769000.0,64134350,64134350,2026-08-24,2026-08-24 11:53:58+08:00
159251,港股通科技ETF万家,0.765,0.7648,-0.03,-0.032,-4.02,108529.0,8345011.5,0.783,0.783,0.763,0.797,2.51,4.43,0.74,40.57,52571.0,55958.0,-1027954.0,-12.32,0.0,0.0,-1027954.0,-12.32,6740.0,0.08,1021215.0,12.24,1.0,0.764,0.765,244787744.0,187262624,187262624,2026-08-24,2026-08-24 11:54:09+08:00
159015,恒生港股通科技ETF国联,0.88,0.8784,-0.18,-0.037,-4.03,50475.0,4473163.646,0.916,0.916,0.879,0.917,4.03,4.57,1.93,-40.11,14362.0,36113.0,-756664.0,-16.92,0.0,0.0,-756664.0,-16.92,127574.0,2.85,629091.0,14.06,50.0,0.879,0.88,110352934.0,97110582,97110582,2026-08-24,2026-08-24 11:54:21+08:00
159125,港股通科技ETF招商,0.713,0.7128,-0.03,-0.03,-4.04,253512.0,18142167.4,0.737,0.738,0.711,0.743,3.63,3.02,1.06,26.9,81811.0,171701.0,-2332528.0,-12.86,4344749.0,23.95,-6677277.0,-36.81,1932920.0,10.65,399607.0,2.2,-4.0,0.713,0.714,840245888.0,599095318,599095318,2026-08-24,2026-08-24 11:53:51+08:00
159537,信创ETF国泰,0.855,0.8567,0.2,-0.036,-4.04,50911.0,4419082.8,0.891,0.891,0.852,0.891,4.38,3.39,1.55,52.3,20106.0,30805.0,-730372.0,-16.53,-517480.0,-11.71,-212892.0,-4.82,386368.0,8.74,344003.0,7.78,-5.0,0.854,0.86,150285204.0,128493849,128493849,2026-08-24,2026-08-24 11:54:21+08:00
513160,港股科技ETF银华,0.95,0.948,-0.21,-0.04,-4.04,1142208.0,109383166.0,0.978,0.978,0.949,0.99,2.93,3.58,1.11,8.8,442599.0,699609.0,-22235908.0,-20.33,-25681715.0,-23.48,3445807.0,3.15,13527794.0,12.37,8708114.0,7.96,-2126.0,0.949,0.95,3194189296.0,3034479831,3034479831,2026-08-24,2026-08-24 11:54:13+08:00
588380,科创创业ETF富国,1.09,1.0905,0.05,-0.046,-4.05,639055.0,70691070.0,1.136,1.137,1.085,1.136,4.58,2.42,1.16,-71.38,259105.0,379950.0,-11241435.0,-15.9,-4478444.0,-6.34,-6762991.0,-9.57,4567017.0,6.46,6674419.0,9.44,1000.0,1.09,1.091,2642770000.0,2880619300,2880619300,2026-08-24,2026-08-24 11:53:51+08:00
588480,科创创业人工智能ETF中金,0.852,0.8415,-1.25,-0.036,-4.05,67339.0,5797745.0,0.885,0.895,0.844,0.888,5.74,2.86,1.22,-78.97,12468.0,54871.0,-2883448.0,-49.73,-1148016.0,-19.8,-1735432.0,-29.93,1143622.0,19.73,1739827.0,30.01,20.0,0.85,0.852,235717000.0,200830884,200830884,2026-08-24,2026-08-24 11:53:49+08:00
512770,战略新兴ETF华夏,2.532,2.5375,0.22,-0.107,-4.05,13960.0,3600072.0,2.636,2.636,2.521,2.639,4.36,1.42,1.4,1.38,6130.0,7830.0,-413626.0,-11.49,0.0,0.0,-413626.0,-11.49,74834.0,2.08,338792.0,9.41,-100.0,2.527,2.533,98267800.0,248814070,248814070,2026-08-24,2026-08-24 11:54:10+08:00
159539,信创ETF广发,1.707,1.7113,0.25,-0.072,-4.05,11037.0,1919988.3,1.788,1.788,1.701,1.779,4.89,2.1,1.0,8.14,1606.0,9431.0,662028.0,34.48,0.0,0.0,662028.0,34.48,-606689.0,-31.6,-55339.0,-2.88,2.0,1.708,1.723,52565182.0,89728766,89728766,2026-08-24,2026-08-24 11:54:06+08:00
516500,生物科技ETF华夏,0.64,0.6424,0.37,-0.027,-4.05,127451.0,8269595.0,0.667,0.671,0.639,0.667,4.8,6.19,1.56,57.72,56916.0,70535.0,-605246.0,-7.32,-1562725.0,-18.9,957479.0,11.58,30231.0,0.37,575016.0,6.95,-100.0,0.641,0.646,205937200.0,131799808,131799808,2026-08-24,2026-08-24 11:53:59+08:00
159636,港股通科技30ETF工银,0.519,0.5192,0.04,-0.022,-4.07,3471841.0,181494756.7,0.532,0.532,0.518,0.541,2.59,1.57,1.57,26.24,1366930.0,2104911.0,-11172016.0,-6.16,-20774455.0,-11.45,9602439.0,5.29,7650145.0,4.22,3521870.0,1.94,-1499.0,0.519,0.52,22104501248.0,11472236148,11472236148,2026-08-24,2026-08-24 11:54:09+08:00
159120,港股通科技ETF国联安,0.731,0.7369,0.8,-0.031,-4.07,176340.0,12971249.5,0.753,0.754,0.731,0.762,3.02,11.68,2.67,88.06,40931.0,135409.0,-1087268.0,-8.38,6156031.0,47.46,-7243299.0,-55.84,573985.0,4.43,513282.0,3.96,-10.0,0.73,0.732,151024466.0,110398885,110398885,2026-08-24,2026-08-24 11:54:12+08:00
159178,消费电子ETF汇添富,1.01,1.0106,0.06,-0.043,-4.08,103853.0,10582894.9,1.052,1.059,1.005,1.053,5.13,12.16,1.48,38.57,49675.0,54178.0,-1135856.0,-10.73,-142742.0,-1.35,-993114.0,-9.38,-61880.0,-0.58,1197736.0,11.32,20.0,1.01,1.014,85432994.0,86287324,86287324,2026-08-24,2026-08-24 11:54:06+08:00
561310,消电ETF国泰,0.68,0.6798,-0.03,-0.029,-4.09,109356.0,7577873.0,0.708,0.709,0.676,0.709,4.65,10.14,1.95,-25.28,48001.0,61355.0,-52020.0,-0.69,385725.0,5.09,-437745.0,-5.78,-158074.0,-2.09,210095.0,2.77,1.0,0.678,0.683,107833100.0,73326508,73326508,2026-08-24,2026-08-24 11:54:13+08:00
588360,科创创业ETF国泰,1.165,1.1671,0.18,-0.05,-4.12,202335.0,24014203.0,1.219,1.219,1.162,1.215,4.69,9.48,1.7,29.6,104989.0,97346.0,-1614965.0,-6.73,713081.0,2.97,-2328046.0,-9.69,614338.0,2.56,1000628.0,4.17,-43.0,1.164,1.169,213481800.0,248706297,248706297,2026-08-24,2026-08-24 11:53:58+08:00
158012,云计算ETF南方,0.907,0.9075,0.06,-0.039,-4.12,158463.0,14532216.349,0.937,0.943,0.904,0.946,4.12,5.67,2.56,21.15,44965.0,113498.0,-1157533.0,-7.97,-2724891.0,-18.75,1567358.0,10.79,46848.0,0.32,1110686.0,7.64,-100.0,0.907,0.908,279325568.0,253348290,253348290,2026-08-24,2026-08-24 11:54:12+08:00
159665,半导体龙头ETF工银,2.348,2.3484,0.02,-0.101,-4.12,142323.0,33913145.3,2.444,2.444,2.335,2.449,4.45,5.59,1.11,11.94,58329.0,83994.0,-1140303.0,-3.36,1060235.0,3.13,-2200538.0,-6.49,-2247242.0,-6.63,3387545.0,9.99,-17.0,2.347,2.348,254576860.0,597746467,597746467,2026-08-24,2026-08-24 11:54:00+08:00
159732,消费电子ETF华夏,1.326,1.3279,0.14,-0.057,-4.12,1954499.0,262759598.5,1.382,1.385,1.318,1.383,4.84,8.36,1.26,-63.6,1218254.0,736245.0,2409092.0,0.92,37532821.0,14.28,-35123729.0,-13.37,-13190759.0,-5.02,10781666.0,4.1,4.0,1.325,1.326,2337447904.0,3099455921,3099455921,2026-08-24,2026-08-24 11:53:45+08:00
516050,科技龙头ETF工银,1.327,1.3266,-0.03,-0.057,-4.12,47459.0,6384143.0,1.384,1.384,1.321,1.384,4.55,2.94,1.16,88.34,17121.0,30338.0,-1493762.0,-23.4,-2884161.0,-45.18,1390399.0,21.78,563714.0,8.83,930049.0,14.57,-16.0,1.324,1.335,161228000.0,213949556,213949556,2026-08-24,2026-08-24 11:54:12+08:00
517350,沪港深科技ETF广发,0.905,0.9052,0.02,-0.039,-4.13,9343.0,852570.0,0.917,0.942,0.902,0.944,4.24,1.91,1.29,-54.84,1402.0,7941.0,112965.0,13.25,0.0,0.0,112965.0,13.25,-218912.0,-25.68,105947.0,12.43,1.0,0.903,0.938,49042000.0,44383010,44383010,2026-08-24,2026-08-24 11:54:18+08:00
159643,疫苗ETF国泰,0.556,0.5571,0.2,-0.024,-4.14,322370.0,18299205.1,0.575,0.581,0.555,0.58,4.48,7.86,0.78,13.9,155087.0,167283.0,-157952.0,-0.86,611828.0,3.34,-769780.0,-4.21,-497862.0,-2.72,655813.0,3.58,9.0,0.555,0.556,410390624.0,228177187,228177187,2026-08-24,2026-08-24 11:54:12+08:00
520980,港股通科技ETF汇添富,0.854,0.8549,0.11,-0.037,-4.15,1862833.0,160350174.0,0.882,0.883,0.854,0.891,3.25,5.78,1.41,36.72,674988.0,1187845.0,-19251191.0,-12.01,-7133074.0,-4.45,-12118117.0,-7.56,12789021.0,7.98,6462170.0,4.03,-679.0,0.854,0.855,3222387008.0,2751918505,2751918505,2026-08-24,2026-08-24 11:53:53+08:00
588500,科创100增强ETF易方达,2.506,2.513,0.28,-0.109,-4.17,31131.0,7929939.0,2.6,2.607,2.499,2.615,4.13,6.4,0.92,42.77,15096.0,16035.0,271716.0,3.43,0.0,0.0,271716.0,3.43,-646230.0,-8.15,374514.0,4.72,-5.0,2.505,2.541,48647000.0,121909382,121909382,2026-08-24,2026-08-24 11:53:54+08:00
159835,创新药ETF建信,0.663,0.6631,0.02,-0.029,-4.19,242744.0,16342413.2,0.69,0.691,0.66,0.692,4.48,6.85,1.18,67.42,101589.0,141155.0,-3480550.0,-21.3,-805155.0,-4.93,-2675395.0,-16.37,2140127.0,13.1,1340423.0,8.2,100.0,0.663,0.664,354504144.0,235036247,235036247,2026-08-24,2026-08-24 11:53:42+08:00
516080,创新药ETF易方达,0.683,0.682,-0.15,-0.03,-4.21,3259510.0,225264400.0,0.709,0.712,0.679,0.713,4.63,6.29,1.5,75.76,1243192.0,2016318.0,-33884241.0,-15.04,-21955863.0,-9.75,-11928378.0,-5.3,15889148.0,7.05,17995093.0,7.99,5.0,0.682,0.683,5180554752.0,3538318896,3538318896,2026-08-24,2026-08-24 11:54:10+08:00
588660,科创创业50ETF兴银,1.776,1.7715,-0.25,-0.078,-4.21,19567.0,3527351.0,1.854,1.899,1.771,1.854,6.9,4.97,1.26,75.85,8801.0,10766.0,-251740.0,-7.14,0.0,0.0,-251740.0,-7.14,-95684.0,-2.71,347425.0,9.85,-5.0,1.775,1.788,39344000.0,69874944,69874944,2026-08-24,2026-08-24 11:54:00+08:00
159992,创新药ETF银华,0.855,0.8534,-0.19,-0.038,-4.26,11094887.0,960987590.1,0.888,0.892,0.85,0.893,4.7,5.79,1.48,81.45,4335006.0,6759881.0,-188357396.0,-19.6,-203788656.0,-21.21,15431260.0,1.61,95572777.0,9.95,92784607.0,9.66,474.0,0.854,0.855,19159781120.0,16381612858,16381612858,2026-08-24,2026-08-24 11:53:39+08:00
560900,创新药ETF摩根,0.92,0.9174,-0.28,-0.041,-4.27,191415.0,17812082.0,0.963,0.968,0.915,0.961,5.52,9.77,1.76,1.11,56131.0,135284.0,-2582591.0,-14.5,-3039890.0,-17.07,457299.0,2.57,441947.0,2.48,2140643.0,12.02,-65.0,0.917,0.923,195969100.0,180291572,180291572,2026-08-24,2026-08-24 11:53:51+08:00
159191,港股通科技ETF易方达,0.913,0.9133,0.03,-0.041,-4.3,48542.0,4463122.9,0.954,0.954,0.913,0.954,4.3,7.02,2.61,59.68,12060.0,36482.0,-1205657.0,-27.01,215905.0,4.84,-1421562.0,-31.85,544280.0,12.2,661377.0,14.82,-200.0,0.913,0.915,69104851.0,63092729,63092729,2026-08-24,2026-08-24 11:54:39+08:00
159289,创业板综指ETF鹏华,1.068,1.0705,0.23,-0.048,-4.3,12554.0,1357639.2,1.1,1.105,1.067,1.116,3.41,3.23,0.59,-16.5,5621.0,6933.0,-75635.0,-5.57,-181374.0,-13.36,105739.0,7.79,-185608.0,-13.67,261244.0,19.24,-20.0,1.068,1.07,38902640.0,41548020,41548020,2026-08-24,2026-08-24 11:53:42+08:00
515120,创新药ETF广发,0.64,0.64,0.0,-0.029,-4.33,11880531.0,770579097.0,0.667,0.668,0.637,0.669,4.63,6.91,1.84,64.38,4194146.0,7686385.0,-144090809.0,-18.7,-166292464.0,-21.58,22201655.0,2.88,84188760.0,10.93,59902043.0,7.77,169.0,0.64,0.641,17181993728.0,10996475986,10996475986,2026-08-24,2026-08-24 11:53:56+08:00
516060,创新药ETF工银,0.595,0.5957,0.12,-0.027,-4.34,158577.0,9564379.0,0.614,0.621,0.592,0.622,4.66,5.52,1.49,37.07,62241.0,96336.0,-2305892.0,-24.11,-4021212.0,-42.04,1715320.0,17.93,1224717.0,12.8,1081175.0,11.3,-129.0,0.595,0.597,287237408.0,170906258,170906258,2026-08-24,2026-08-24 11:54:01+08:00
589310,科创人工智能ETF鑫元,0.768,0.7655,-0.33,-0.035,-4.36,57904.0,4509962.0,0.803,0.803,0.763,0.803,4.98,1.94,2.41,-27.0,6762.0,51142.0,-1194670.0,-26.49,-515788.0,-11.44,-678882.0,-15.05,618851.0,13.72,575820.0,12.77,30.0,0.765,0.777,298491808.0,229241709,229241709,2026-08-24,2026-08-24 11:53:59+08:00
159723,科技龙头ETF汇添富,1.05,1.0523,0.22,-0.048,-4.37,4727.0,499625.4,1.078,1.078,1.047,1.098,2.82,1.63,2.23,3.9,1896.0,2831.0,-449795.0,-90.03,0.0,0.0,-449795.0,-90.03,352810.0,70.61,96985.0,19.41,127.0,1.047,1.075,29025575.0,30476854,30476854,2026-08-24,2026-08-24 11:54:12+08:00
513050,中概互联网ETF易方达,1.07,1.13,5.31,-0.049,-4.38,17465889.0,1879753598.0,1.093,1.093,1.067,1.119,2.32,5.16,1.87,39.22,7840198.0,9625691.0,-371887920.0,-19.78,-368808512.0,-19.62,-3079408.0,-0.16,195825131.0,10.42,176062788.0,9.37,1245.0,1.069,1.07,33817432832.0,36184653130,36184653130,2026-08-24,2026-08-24 11:54:09+08:00
561100,消费电子ETF富国,1.549,1.5498,0.05,-0.071,-4.38,234601.0,36913675.0,1.622,1.622,1.54,1.62,5.06,3.96,1.27,-0.82,122718.0,111883.0,-1650511.0,-4.47,-3110826.0,-8.43,1460315.0,3.96,-1381866.0,-3.74,3032376.0,8.21,100.0,1.547,1.548,592746896.0,918164942,918164942,2026-08-24,2026-08-24 11:54:12+08:00
159779,消费电子ETF招商,1.389,1.3821,-0.5,-0.064,-4.4,60108.0,8474995.5,1.461,1.461,1.379,1.453,5.64,4.52,1.79,95.7,24973.0,35135.0,-2044977.0,-24.13,1799965.0,21.24,-3844942.0,-45.37,1066506.0,12.58,978470.0,11.55,10.0,1.388,1.404,132869337.0,184555509,184555509,2026-08-24,2026-08-24 11:54:00+08:00
589230,科创人工智能ETF南方,0.804,0.8024,-0.2,-0.037,-4.4,200725.0,16382933.0,0.838,0.838,0.799,0.841,4.64,8.24,1.79,38.43,91010.0,109715.0,-3558751.0,-21.72,-2713197.0,-16.56,-845554.0,-5.16,2076929.0,12.68,1481822.0,9.04,100.0,0.803,0.806,243553000.0,195816612,195816612,2026-08-24,2026-08-24 11:53:46+08:00
159819,人工智能ETF易方达,1.672,1.6711,-0.05,-0.077,-4.4,1758368.0,298292415.3,1.753,1.754,1.666,1.749,5.03,1.46,1.0,77.47,662278.0,1096090.0,-99437202.0,-33.34,-67286284.0,-22.56,-32150918.0,-10.78,27519715.0,9.23,71917487.0,24.11,45.0,1.67,1.672,12073229568.0,20186439838,20186439838,2026-08-24,2026-08-24 11:53:33+08:00
159511,通信ETF南方,2.302,2.2977,-0.19,-0.107,-4.44,86463.0,20233876.5,2.42,2.42,2.294,2.409,5.23,5.92,1.91,-17.31,39512.0,46951.0,-681170.0,-3.37,1489790.0,7.36,-2170960.0,-10.73,-852799.0,-4.21,1533969.0,7.58,20.0,2.296,2.302,145944573.0,335964407,335964407,2026-08-24,2026-08-24 11:54:06+08:00
561460,人工智能ETF天弘,0.773,0.7707,-0.3,-0.036,-4.45,120506.0,9439012.0,0.81,0.81,0.771,0.809,4.82,1.73,0.79,78.95,47420.0,73086.0,-3197637.0,-33.88,591153.0,6.26,-3788790.0,-40.14,747852.0,7.92,2449785.0,25.95,-38.0,0.772,0.773,696020000.0,538023460,538023460,2026-08-24,2026-08-24 11:54:04+08:00
589520,科创人工智能ETF华宝,0.558,0.5564,-0.29,-0.026,-4.45,516677.0,29222459.0,0.585,0.585,0.555,0.584,5.14,6.47,1.97,81.18,174725.0,341952.0,-9231601.0,-31.59,-6522079.0,-22.32,-2709522.0,-9.27,4548969.0,15.57,4682633.0,16.02,1.0,0.557,0.559,798104608.0,445342371,445342371,2026-08-24,2026-08-24 11:54:09+08:00
159259,成长ETF易方达,1.284,1.2836,-0.03,-0.06,-4.46,2407554.0,313702196.661,1.339,1.349,1.275,1.344,5.51,5.5,1.39,36.16,1273192.0,1134362.0,-27919189.0,-8.9,-10725824.0,-3.42,-17193365.0,-5.48,9286704.0,2.96,18632484.0,5.94,147.0,1.283,1.284,4377696512.0,5620962321,5620962321,2026-08-24,2026-08-24 11:54:24+08:00
159738,云计算ETF华泰柏瑞,1.965,1.9666,0.08,-0.092,-4.47,73205.0,14544687.7,2.038,2.039,1.959,2.057,3.89,5.59,1.04,-97.52,27505.0,45700.0,-52847.0,-0.36,1984500.0,13.64,-2037347.0,-14.01,-484027.0,-3.33,536874.0,3.69,2.0,1.962,1.975,130992667.0,257400591,257400591,2026-08-24,2026-08-24 11:54:30+08:00
588930,科创人工智能ETF银华,1.452,1.4524,0.03,-0.068,-4.47,280850.0,41415212.0,1.519,1.519,1.446,1.52,4.8,4.55,1.58,-0.93,124165.0,156685.0,-4623724.0,-11.16,-3113247.0,-7.52,-1510477.0,-3.65,-658011.0,-1.59,5281735.0,12.75,-109.0,1.452,1.455,617329008.0,896361720,896361720,2026-08-24,2026-08-24 11:53:55+08:00
512220,TMTETF景顺,3.696,3.6987,0.07,-0.173,-4.47,49114.0,18471081.0,3.944,3.944,3.675,3.869,6.95,2.34,1.62,31.25,25492.0,23622.0,-1533748.0,-8.3,-1101162.0,-5.96,-432586.0,-2.34,129354.0,0.7,1404394.0,7.6,-1.0,3.697,3.698,209967600.0,776040250,776040250,2026-08-24,2026-08-24 11:53:57+08:00
588510,科创创业人工智能ETF华夏,0.81,0.8036,-0.8,-0.038,-4.48,143580.0,11713363.0,0.848,0.855,0.802,0.848,6.25,4.44,1.33,86.04,48215.0,95365.0,-4122027.0,-35.19,-3004022.0,-25.65,-1118005.0,-9.54,1423726.0,12.15,2698302.0,23.04,7.0,0.805,0.81,323175008.0,261771756,261771756,2026-08-24,2026-08-24 11:53:40+08:00
588760,科创人工智能ETF广发,0.703,0.7026,-0.06,-0.033,-4.48,2060298.0,146866541.0,0.732,0.734,0.699,0.736,4.76,8.62,1.89,73.55,950858.0,1109440.0,-35052743.0,-23.87,-25595547.0,-17.43,-9457196.0,-6.44,18972223.0,12.92,16080519.0,10.95,508.0,0.701,0.702,2389532000.0,1679840996,1679840996,2026-08-24,2026-08-24 11:53:58+08:00
562950,消费电子ETF易方达,1.493,1.4939,0.06,-0.07,-4.48,473819.0,71921775.0,1.563,1.563,1.484,1.563,5.05,4.69,1.27,-2.5,204563.0,269256.0,-7026653.0,-9.77,-2559961.0,-3.56,-4466692.0,-6.21,-2723486.0,-3.79,9750140.0,13.56,10.0,1.492,1.493,1010258304.0,1508315648,1508315648,2026-08-24,2026-08-24 11:53:51+08:00
589720,科创创新药ETF国泰,0.912,0.9112,-0.09,-0.043,-4.5,8245890.0,760411656.0,0.95,0.958,0.903,0.955,5.76,17.95,1.33,-14.91,3736711.0,4509179.0,-112799189.0,-14.83,-99151504.0,-13.04,-13647685.0,-1.79,58278725.0,7.66,54520458.0,7.17,909.0,0.91,0.912,4594822912.0,4190478496,4190478496,2026-08-24,2026-08-24 11:54:06+08:00
512930,AI人工智能ETF平安,0.593,0.5926,-0.07,-0.028,-4.51,2179178.0,130924726.0,0.621,0.621,0.59,0.621,4.99,4.45,1.72,88.66,774101.0,1405077.0,-31785014.0,-24.28,-36945752.0,-28.22,5160738.0,3.94,17853971.0,13.64,13931043.0,10.64,36.0,0.592,0.593,4896521216.0,2903637081,2903637081,2026-08-24,2026-08-24 11:53:59+08:00
517390,云计算ETF天弘,1.857,1.8543,-0.15,-0.088,-4.52,39748.0,7441002.0,1.93,1.93,1.85,1.945,4.11,3.03,1.59,30.7,13955.0,25793.0,-2275779.0,-30.58,1220700.0,16.41,-3496479.0,-46.99,795948.0,10.7,1479831.0,19.89,3.0,1.857,1.86,131112600.0,243476098,243476098,2026-08-24,2026-08-24 11:53:59+08:00
517800,人工智能50ETF方正富邦,0.948,0.9448,-0.34,-0.045,-4.53,70335.0,6755801.0,0.993,0.993,0.946,0.993,4.73,3.32,2.31,19.5,21681.0,48654.0,-3483095.0,-51.56,-187252.0,-2.77,-3295843.0,-48.79,1806641.0,26.74,1676456.0,24.82,20.0,0.948,0.961,211539700.0,200539636,200539636,2026-08-24,2026-08-24 11:53:53+08:00
589560,科创人工智能ETF汇添富,0.884,0.8846,0.07,-0.042,-4.54,90168.0,8083237.0,0.926,0.926,0.881,0.926,4.86,3.65,2.35,89.49,33380.0,56788.0,-4453810.0,-55.1,-5531036.0,-68.43,1077226.0,13.33,2372519.0,29.35,2081291.0,25.75,2.0,0.882,0.9,247355000.0,218661820,218661820,2026-08-24,2026-08-24 11:53:55+08:00
589120,科创创新药ETF汇添富,0.841,0.8405,-0.06,-0.04,-4.54,1801636.0,153869169.0,0.875,0.884,0.833,0.881,5.79,14.1,1.29,12.35,790203.0,1011433.0,-29471596.0,-19.15,-7968761.0,-5.18,-21502835.0,-13.97,13472248.0,8.76,15999348.0,10.4,-103.0,0.84,0.841,1277620000.0,1074478420,1074478420,2026-08-24,2026-08-24 11:54:08+08:00
588730,科创人工智能ETF易方达,1.385,1.3857,0.05,-0.066,-4.55,472517.0,66402941.0,1.451,1.451,1.378,1.451,5.03,6.43,1.34,8.82,235805.0,236712.0,-7960146.0,-11.99,-1539853.0,-2.32,-6420293.0,-9.67,239800.0,0.36,7720346.0,11.63,3.0,1.384,1.385,735396304.0,1018523881,1018523881,2026-08-24,2026-08-24 11:53:41+08:00
517130,云计算ETF嘉实,0.92,0.919,-0.11,-0.044,-4.56,42844.0,3989463.0,0.963,0.963,0.92,0.964,4.46,2.37,1.17,79.59,12148.0,30696.0,-1845164.0,-46.25,463500.0,11.62,-2308664.0,-57.87,874188.0,21.91,970975.0,24.34,-4.0,0.92,0.923,181154000.0,166661680,166661680,2026-08-24,2026-08-24 11:53:55+08:00
159273,云计算ETF汇添富,1.361,1.3584,-0.19,-0.065,-4.56,100084.0,13806039.9,1.417,1.419,1.358,1.426,4.28,1.46,1.33,14.85,39196.0,60888.0,-2615908.0,-18.95,-740613.0,-5.36,-1875295.0,-13.58,-1463200.0,-10.6,4079109.0,29.55,5.0,1.361,1.364,687777504.0,936065183,936065183,2026-08-24,2026-08-24 11:54:33+08:00
159858,创新药ETF南方,0.69,0.6896,-0.06,-0.033,-4.56,577822.0,40731968.9,0.715,0.72,0.686,0.723,4.7,5.9,1.63,69.9,183772.0,394050.0,-5745046.0,-14.1,-5978870.0,-14.68,233824.0,0.57,2165859.0,5.32,3579188.0,8.79,500.0,0.689,0.693,979098320.0,675577841,675577841,2026-08-24,2026-08-24 11:54:30+08:00
159248,人工智能ETF万家,1.67,1.6621,-0.48,-0.08,-4.57,93237.0,15801556.5,1.751,1.754,1.665,1.75,5.09,7.01,1.53,20.0,40037.0,53200.0,-2652473.0,-16.79,-2236393.0,-14.15,-416080.0,-2.63,-1265331.0,-8.01,3917803.0,24.79,-500.0,1.669,1.671,133095652.0,222269739,222269739,2026-08-24,2026-08-24 11:53:54+08:00
159859,生物医药ETF天弘,0.396,0.3957,-0.08,-0.019,-4.58,5979916.0,240387709.7,0.413,0.415,0.393,0.415,5.3,5.93,1.68,66.98,2285043.0,3694873.0,-48864817.0,-20.33,-71011198.0,-29.54,22146381.0,9.21,36506670.0,15.19,12358147.0,5.14,1000.0,0.395,0.396,10085840128.0,3993992691,3993992691,2026-08-24,2026-08-24 11:53:33+08:00
588470,科创创业人工智能ETF华安,0.792,0.7907,-0.16,-0.038,-4.58,217492.0,17322902.0,0.831,0.831,0.788,0.83,5.18,7.66,1.9,55.85,93826.0,123666.0,-3438982.0,-19.85,-2683909.0,-15.49,-755073.0,-4.36,1995988.0,11.52,1442995.0,8.33,-1000.0,0.789,0.794,283907008.0,224854350,224854350,2026-08-24,2026-08-24 11:53:51+08:00
589010,科创人工智能ETF华夏,1.312,1.3115,-0.04,-0.063,-4.58,516245.0,68858942.0,1.375,1.376,1.306,1.375,5.09,5.64,1.85,31.08,231704.0,284541.0,-3231934.0,-4.69,4782361.0,6.95,-8014295.0,-11.64,-16429.0,-0.02,3248361.0,4.72,31.0,1.309,1.312,914793008.0,1200208426,1200208426,2026-08-24,2026-08-24 11:53:53+08:00
159095,云计算ETF银华,0.915,0.9148,-0.02,-0.044,-4.59,97443.0,8995461.942,0.958,0.958,0.912,0.959,4.8,4.19,0.67,-11.43,21788.0,75654.0,-1929806.0,-21.45,-1887297.0,-20.98,-42509.0,-0.47,1051983.0,11.69,877824.0,9.76,-200.0,0.917,0.92,232468139.0,212708347,212708347,2026-08-24,2026-08-24 11:54:06+08:00
515070,人工智能ETF华夏,1.057,1.0569,-0.01,-0.051,-4.6,923521.0,99161779.0,1.108,1.109,1.054,1.108,4.96,1.23,1.06,94.44,373762.0,549759.0,-27993235.0,-28.23,-15687099.0,-15.82,-12306136.0,-12.41,10962446.0,11.06,17030789.0,17.17,-14.0,1.056,1.058,7486940416.0,7913696020,7913696020,2026-08-24,2026-08-24 11:54:24+08:00
561600,消费电子ETF平安,0.704,0.7055,0.21,-0.034,-4.61,132690.0,9520117.0,0.738,0.738,0.702,0.738,4.88,4.66,1.01,49.64,60817.0,71873.0,-691151.0,-7.26,1629861.0,17.12,-2321012.0,-24.38,-67154.0,-0.71,758305.0,7.97,-26.0,0.704,0.707,284548000.0,200321792,200321792,2026-08-24,2026-08-24 11:53:59+08:00
589090,科创AIETF鹏华,0.992,0.9926,0.06,-0.048,-4.62,98551.0,9877117.0,1.037,1.037,0.989,1.04,4.62,5.57,3.07,77.51,22553.0,75998.0,-4833040.0,-48.93,-4039889.0,-40.9,-793151.0,-8.03,2363628.0,23.93,2469412.0,25.0,-31.0,0.991,1.004,176931000.0,175515552,175515552,2026-08-24,2026-08-24 11:54:07+08:00
589110,科创人工智能ETF国泰,0.861,0.8605,-0.06,-0.042,-4.65,141758.0,12403478.0,0.903,0.911,0.857,0.903,5.98,2.73,2.8,11.02,57902.0,83856.0,-2482052.0,-20.01,-4266704.0,-34.4,1784652.0,14.39,1342281.0,10.82,1139770.0,9.19,-5.0,0.861,0.862,519413008.0,447214600,447214600,2026-08-24,2026-08-24 11:53:49+08:00
159839,生物医药ETF汇添富,0.368,0.3676,-0.11,-0.018,-4.66,1966197.0,73360915.1,0.384,0.385,0.365,0.386,5.18,7.97,1.88,49.14,521362.0,1444835.0,-19276258.0,-26.28,-29668622.0,-40.44,10392364.0,14.17,14421309.0,19.66,4854950.0,6.62,35.0,0.367,0.368,2466735168.0,907758542,907758542,2026-08-24,2026-08-24 11:54:12+08:00
589380,科创人工智能ETF富国,1.324,1.3263,0.17,-0.065,-4.68,28701.0,3861182.0,1.393,1.393,1.32,1.389,5.26,3.0,1.7,3.63,14779.0,13922.0,-1397095.0,-36.18,-2023699.0,-52.41,626604.0,16.23,382094.0,9.9,1015001.0,26.29,2.0,1.324,1.327,95694300.0,126699253,126699253,2026-08-24,2026-08-24 11:53:59+08:00
561920,疫苗ETF招商,0.665,0.6652,0.03,-0.033,-4.73,123081.0,8307408.0,0.692,0.698,0.661,0.698,5.3,18.74,1.85,71.36,57087.0,65994.0,-228593.0,-2.75,-313893.0,-3.78,85300.0,1.03,-31561.0,-0.38,260153.0,3.13,5.0,0.664,0.665,65692000.0,43685180,43685180,2026-08-24,2026-08-24 11:53:46+08:00
588530,科创创业人工智能ETF中银证券,0.883,0.882,-0.11,-0.044,-4.75,71399.0,6385958.0,0.928,0.928,0.88,0.927,5.18,3.21,0.96,62.96,9185.0,62214.0,-895781.0,-14.03,-68611.0,-1.07,-827170.0,-12.95,245866.0,3.85,649915.0,10.18,50.0,0.88,0.888,222433300.0,196408604,196408604,2026-08-24,2026-08-24 11:53:51+08:00
588790,科创AIETF博时,0.74,0.7412,0.16,-0.037,-4.76,2667371.0,200405811.0,0.774,0.775,0.737,0.777,4.89,8.13,1.67,79.07,1396606.0,1270765.0,-44681788.0,-22.3,-51070448.0,-25.48,6388660.0,3.19,23118440.0,11.54,21563347.0,10.76,-588.0,0.739,0.742,3280384000.0,2427484160,2427484160,2026-08-24,2026-08-24 11:53:55+08:00
589410,科创人工智能ETF嘉实,0.779,0.7783,-0.09,-0.039,-4.77,92033.0,7287370.0,0.819,0.819,0.777,0.818,5.13,1.65,1.61,68.43,27772.0,64261.0,-3408019.0,-46.77,-3287010.0,-45.11,-121009.0,-1.66,1779748.0,24.42,1628270.0,22.34,50.0,0.78,0.782,556565600.0,433564602,433564602,2026-08-24,2026-08-24 11:53:44+08:00
515980,人工智能ETF华富,0.975,0.972,-0.31,-0.049,-4.79,1834871.0,181647089.0,1.024,1.024,0.971,1.024,5.18,2.98,1.6,91.21,740280.0,1094591.0,-71755047.0,-39.5,-46206201.0,-25.44,-25548846.0,-14.07,32157854.0,17.7,39597193.0,21.8,297.0,0.974,0.975,6161128960.0,6007100736,6007100736,2026-08-24,2026-08-24 11:54:19+08:00
159508,生物医药ETF华安,0.812,0.8112,-0.1,-0.041,-4.81,139302.0,11494206.6,0.844,0.852,0.808,0.853,5.16,14.36,1.61,70.69,51152.0,88150.0,-1338616.0,-11.65,-25036.0,-0.22,-1313580.0,-11.43,601806.0,5.24,736808.0,6.41,-565.0,0.812,0.818,97031598.0,78789658,78789658,2026-08-24,2026-08-24 11:53:39+08:00
588430,科创创业人工智能ETF工银,1.156,1.1558,-0.02,-0.059,-4.86,46533.0,5456503.0,1.224,1.224,1.151,1.215,6.01,4.73,1.44,84.02,12164.0,34369.0,-1358680.0,-24.9,123444.0,2.26,-1482124.0,-27.16,543372.0,9.96,815307.0,14.94,413.0,1.151,1.156,98458000.0,113817448,113817448,2026-08-24,2026-08-24 11:54:06+08:00
515880,通信ETF国泰,0.644,0.6433,-0.11,-0.033,-4.87,34278005.0,2247147351.0,0.675,0.678,0.641,0.677,5.47,5.51,1.21,82.99,13903812.0,20374192.0,-412387552.0,-18.35,-261107744.0,-11.62,-151279808.0,-6.73,172278320.0,7.67,240109235.0,10.69,1248.0,0.643,0.644,62173774080.0,40039910508,40039910508,2026-08-24,2026-08-24 11:54:09+08:00
589420,科创芯片设计ETF永赢,0.718,0.7168,-0.17,-0.037,-4.9,111459.0,8134114.0,0.755,0.755,0.714,0.755,5.43,3.07,1.41,-24.85,40150.0,71309.0,-1730408.0,-21.27,0.0,0.0,-1730408.0,-21.27,940734.0,11.57,789674.0,9.71,54.0,0.716,0.72,362481504.0,260261720,260261720,2026-08-24,2026-08-24 11:53:41+08:00
589400,科创芯片设计ETF富国,0.716,0.7136,-0.34,-0.037,-4.91,67283.0,4891700.0,0.752,0.752,0.712,0.753,5.31,2.4,0.92,48.23,27246.0,40037.0,-1524972.0,-31.17,727000.0,14.86,-2251972.0,-46.04,546234.0,11.17,978738.0,20.01,62.0,0.716,0.725,279785200.0,200326203,200326203,2026-08-24,2026-08-24 11:53:50+08:00
159141,科创创业人工智能ETF永赢,1.102,1.1024,0.04,-0.057,-4.92,354032.0,39701158.7,1.159,1.159,1.098,1.159,5.26,2.7,0.79,57.57,129573.0,224459.0,-9760017.0,-24.58,3715659.0,9.36,-13475676.0,-33.94,4270507.0,10.76,5489510.0,13.83,-38.0,1.1,1.105,1309060736.0,1442584931,1442584931,2026-08-24,2026-08-24 11:54:15+08:00
588780,科创芯片设计ETF国联安,0.926,0.9264,0.04,-0.048,-4.93,1828087.0,172006801.0,0.972,0.974,0.919,0.974,5.65,18.36,1.54,-9.03,1180907.0,647180.0,-20063982.0,-11.66,-35631928.0,-20.72,15567946.0,9.05,6249898.0,3.63,13814085.0,8.03,47.0,0.925,0.926,995902000.0,922205252,922205252,2026-08-24,2026-08-24 11:53:58+08:00
159967,创业板成长ETF华夏,0.771,0.7713,0.04,-0.04,-4.93,8442440.0,663419223.725,0.808,0.812,0.769,0.811,5.3,11.7,1.61,77.04,3280310.0,5162131.0,-32366371.0,-4.88,9519440.0,1.43,-41885811.0,-6.31,12226363.0,1.84,20140008.0,3.04,-311.0,0.771,0.772,7214905856.0,5562692415,5562692415,2026-08-24,2026-08-24 11:54:21+08:00
159142,科创创业人工智能ETF景顺,1.128,1.129,0.09,-0.059,-4.97,606918.0,69756901.5,1.186,1.188,1.124,1.187,5.39,5.21,1.45,90.99,240589.0,366329.0,-14346922.0,-20.57,-9441467.0,-13.53,-4905455.0,-7.03,3941111.0,5.65,10405811.0,14.92,-68.0,1.128,1.134,1165260144.0,1314413442,1314413442,2026-08-24,2026-08-24 11:54:42+08:00
562820,集成电路ETF嘉实,0.917,0.9157,-0.14,-0.048,-4.97,221531.0,20665800.0,0.963,0.963,0.91,0.965,5.49,5.59,1.29,-53.87,92978.0,128553.0,-2349895.0,-11.37,55674.0,0.27,-2405569.0,-11.64,-1072751.0,-5.19,3422646.0,16.56,21.0,0.915,0.92,396408000.0,363506136,363506136,2026-08-24,2026-08-24 11:54:05+08:00
159811,5GETF博时,2.86,2.8596,-0.01,-0.15,-4.98,92445.0,26751091.0,3.013,3.013,2.849,3.01,5.45,12.37,2.33,83.96,53923.0,38522.0,-4119353.0,-15.4,-2912447.0,-10.89,-1206906.0,-4.51,1086727.0,4.06,3032626.0,11.34,-2.0,2.856,2.86,74743393.0,213766104,213766104,2026-08-24,2026-08-24 11:54:27+08:00
159279,创业板人工智能ETF华安,1.352,1.3513,-0.05,-0.071,-4.99,562581.0,77366039.1,1.418,1.425,1.346,1.423,5.55,33.41,1.82,43.99,178659.0,383922.0,-12161129.0,-15.72,3854192.0,4.98,-16015321.0,-20.7,9059695.0,11.71,3101434.0,4.01,15.0,1.348,1.353,168387534.0,227659946,227659946,2026-08-24,2026-08-24 11:54:36+08:00
159243,创业板人工智能ETF招商,1.215,1.2109,-0.34,-0.064,-5.0,160772.0,19942033.7,1.278,1.278,1.21,1.279,5.32,11.24,0.87,50.03,72915.0,87857.0,-1898282.0,-9.52,0.0,0.0,-1898282.0,-9.52,183979.0,0.92,1714304.0,8.6,4.0,1.213,1.215,143030224.0,173781722,173781722,2026-08-24,2026-08-24 11:53:57+08:00
588420,科创创业人工智能ETF摩根,1.116,1.1153,-0.06,-0.059,-5.02,84252.0,9569459.0,1.171,1.171,1.111,1.175,5.11,2.5,0.93,76.24,29734.0,54518.0,-2858109.0,-29.87,-104342.0,-1.09,-2753767.0,-28.78,394421.0,4.12,2463687.0,25.75,-284.0,1.115,1.119,337648000.0,376815168,376815168,2026-08-24,2026-08-24 11:53:56+08:00
589250,科创芯片设计ETF浦银,1.172,1.1695,-0.21,-0.062,-5.02,55708.0,6616048.0,1.228,1.233,1.164,1.234,5.59,6.7,1.48,89.55,19677.0,36031.0,216550.0,3.27,0.0,0.0,216550.0,3.27,-971412.0,-14.68,754861.0,11.41,10.0,1.17,1.172,83101300.0,97394724,97394724,2026-08-24,2026-08-24 11:53:53+08:00
589030,科创芯片设计ETF易方达,1.075,1.0741,-0.08,-0.057,-5.04,785254.0,85958555.0,1.137,1.137,1.068,1.132,6.1,9.34,1.92,34.49,443714.0,341540.0,-9245270.0,-10.76,2064014.0,2.4,-11309284.0,-13.16,3097107.0,3.6,6148163.0,7.15,11.0,1.074,1.075,841077008.0,904157784,904157784,2026-08-24,2026-08-24 11:54:08+08:00
589700,科创成长ETF南方,2.111,2.118,0.33,-0.112,-5.04,40304.0,8644810.0,2.205,2.216,2.1,2.223,5.22,11.75,0.95,-32.31,16009.0,24295.0,1075531.0,12.44,2113524.0,24.45,-1037993.0,-12.01,-1455558.0,-16.84,380028.0,4.4,-1.0,2.113,2.118,34291000.0,72388301,72388301,2026-08-24,2026-08-24 11:53:40+08:00
159546,集成电路ETF国泰,0.735,0.734,-0.14,-0.039,-5.04,533451.0,39892865.4,0.77,0.771,0.731,0.774,5.17,7.41,1.53,73.84,197027.0,336424.0,-7478171.0,-18.75,3431605.0,8.6,-10909776.0,-27.35,1442747.0,3.62,6035426.0,15.13,35.0,0.735,0.737,719927824.0,529146951,529146951,2026-08-24,2026-08-24 11:54:30+08:00
159022,科创创业人工智能ETF富国,0.942,0.9417,-0.03,-0.05,-5.04,112049.0,10697602.9,0.993,0.993,0.94,0.992,5.34,6.64,1.17,8.71,32524.0,79525.0,-2713134.0,-25.36,-2416447.0,-22.59,-296687.0,-2.77,816475.0,7.63,1896659.0,17.73,3.0,0.941,0.942,168630967.0,158850371,158850371,2026-08-24,2026-08-24 11:54:27+08:00
159994,通信ETF银华,1.222,1.2229,0.07,-0.065,-5.05,1618847.0,201515028.204,1.288,1.29,1.215,1.287,5.83,4.15,1.63,71.69,769336.0,849511.0,-24864422.0,-12.34,-9699379.0,-4.81,-15165043.0,-7.53,4453320.0,2.21,20411102.0,10.13,3.0,1.22,1.222,3897003360.0,4762138106,4762138106,2026-08-24,2026-08-24 11:53:42+08:00
159381,创业板人工智能ETF华夏,1.128,1.1303,0.2,-0.06,-5.05,3257610.0,375344057.12,1.187,1.19,1.124,1.188,5.56,18.86,1.63,46.16,1738638.0,1518972.0,-24303038.0,-6.47,-7670887.0,-2.04,-16632151.0,-4.43,9402904.0,2.51,14900133.0,3.97,1.0,1.127,1.129,1727153200.0,1948228810,1948228810,2026-08-24,2026-08-24 11:54:21+08:00
515050,通信ETF华夏,0.997,0.9961,-0.09,-0.053,-5.05,7001156.0,710233567.0,1.049,1.055,0.991,1.05,6.1,4.05,1.31,83.82,2947757.0,4053399.0,-170527368.0,-24.01,-134884347.0,-18.99,-35643021.0,-5.02,53339460.0,7.51,117187908.0,16.5,34.0,0.996,0.997,17283205376.0,17231355760,17231355760,2026-08-24,2026-08-24 11:54:16+08:00
562860,疫苗ETF嘉实,0.658,0.6601,0.32,-0.035,-5.05,313920.0,21178063.0,0.683,0.695,0.658,0.693,5.34,9.0,1.24,80.42,147254.0,166666.0,328603.0,1.55,2205489.0,10.41,-1876886.0,-8.86,-1170347.0,-5.53,841742.0,3.97,-902.0,0.658,0.663,348895008.0,229572915,229572915,2026-08-24,2026-08-24 11:54:01+08:00
589390,科创芯片设计ETF招商,0.713,0.7127,-0.04,-0.038,-5.06,164746.0,11926168.0,0.75,0.75,0.709,0.751,5.46,1.25,0.83,3.37,57563.0,107183.0,-1425076.0,-11.95,-1438769.0,-12.06,13693.0,0.11,257004.0,2.15,1168072.0,9.79,20.0,0.712,0.714,1319810496.0,941024884,941024884,2026-08-24,2026-08-24 11:54:00+08:00
159388,创业板人工智能ETF国泰,0.975,0.9745,-0.05,-0.052,-5.06,959067.0,95481569.3,1.025,1.029,0.972,1.027,5.55,11.17,1.17,67.1,429332.0,529735.0,-6663610.0,-6.98,5976639.0,6.26,-12640249.0,-13.24,1700084.0,1.78,4963525.0,5.2,40.0,0.974,0.976,858736992.0,837268567,837268567,2026-08-24,2026-08-24 11:53:57+08:00
589210,科创芯片设计ETF广发,0.637,0.636,-0.16,-0.034,-5.07,452449.0,29265376.0,0.671,0.671,0.627,0.671,6.56,3.5,1.31,22.63,185013.0,267436.0,-1185786.0,-4.05,-1232227.0,-4.21,46441.0,0.16,458859.0,1.57,726927.0,2.48,2.0,0.634,0.637,1292938000.0,823601506,823601506,2026-08-24,2026-08-24 11:54:03+08:00
589290,科创芯片设计ETF汇添富,0.744,0.7424,-0.22,-0.04,-5.1,77218.0,5812421.0,0.784,0.784,0.738,0.784,5.87,6.04,2.22,5.69,32288.0,44930.0,-959060.0,-16.5,-413565.0,-7.12,-545495.0,-9.38,228793.0,3.94,730267.0,12.56,26.0,0.742,0.744,127848900.0,95119582,95119582,2026-08-24,2026-08-24 11:54:09+08:00
159583,通信ETF富国,1.597,1.5946,-0.15,-0.086,-5.11,2494578.0,406184259.4,1.68,1.683,1.59,1.683,5.53,10.21,1.45,-53.5,1107125.0,1387453.0,-59643990.0,-14.68,-16242645.0,-4.0,-43401345.0,-10.69,-4697437.0,-1.16,64341427.0,15.84,20.0,1.596,1.597,2442592896.0,3900820855,3900820855,2026-08-24,2026-08-24 11:54:33+08:00
588110,科创成长ETF广发,0.612,0.6119,-0.02,-0.033,-5.12,800367.0,49882747.0,0.64,0.642,0.607,0.645,5.43,7.98,1.05,28.6,278207.0,522160.0,-9860190.0,-19.77,-8587914.0,-17.22,-1272276.0,-2.55,5332275.0,10.69,4527915.0,9.08,1.0,0.611,0.612,1003032000.0,613855584,613855584,2026-08-24,2026-08-24 11:53:44+08:00
159140,科创创业人工智能ETF易方达,1.183,1.184,0.08,-0.064,-5.13,510197.0,61391460.1,1.248,1.248,1.178,1.247,5.61,10.21,1.74,86.23,215869.0,294328.0,-9256888.0,-15.08,-1016091.0,-1.66,-8240797.0,-13.42,3470559.0,5.65,5786328.0,9.43,300.0,1.182,1.188,499936832.0,591425272,591425272,2026-08-24,2026-08-24 11:54:39+08:00
588020,科创成长ETF易方达,0.833,0.8343,0.16,-0.045,-5.13,2527794.0,214306632.0,0.877,0.877,0.827,0.878,5.69,12.77,1.21,20.74,1441496.0,1086298.0,-23313300.0,-10.88,-14029138.0,-6.55,-9284162.0,-4.33,10002865.0,4.67,13310435.0,6.21,-84.0,0.833,0.835,1979373008.0,1648817716,1648817716,2026-08-24,2026-08-24 11:53:58+08:00
159382,创业板人工智能ETF南方,2.531,2.5321,0.04,-0.137,-5.13,537679.0,138877435.1,2.655,2.672,2.524,2.668,5.55,6.72,1.21,15.49,237920.0,299759.0,-11251474.0,-8.1,-3386532.0,-2.44,-7864942.0,-5.66,5087002.0,3.66,6164471.0,4.44,-34.0,2.531,2.533,800055712.0,2024941007,2024941007,2026-08-24,2026-08-24 11:54:27+08:00
159242,创业板人工智能ETF大成,2.008,2.0073,-0.03,-0.109,-5.15,729490.0,149784922.1,2.115,2.119,2.003,2.117,5.48,17.4,2.53,37.19,464050.0,265440.0,1956219.0,1.31,2198163.0,1.47,-241944.0,-0.16,-5723410.0,-3.82,3767190.0,2.52,-25.0,2.008,2.012,419278576.0,841911381,841911381,2026-08-24,2026-08-24 11:54:12+08:00
159246,创业板人工智能ETF富国,1.122,1.1224,0.04,-0.061,-5.16,935691.0,106757781.1,1.18,1.184,1.118,1.183,5.58,2.76,1.13,-56.4,387824.0,547867.0,9998610.0,9.37,24171848.0,22.64,-14173238.0,-13.28,-21166191.0,-19.83,11167581.0,10.46,18.0,1.121,1.124,3391655600.0,3805437583,3805437583,2026-08-24,2026-08-24 11:54:00+08:00
589070,科创芯片设计ETF天弘,1.006,1.0037,-0.23,-0.055,-5.18,2169021.0,221718414.0,1.061,1.061,0.998,1.061,5.94,11.59,1.71,23.14,918055.0,1250966.0,-12715926.0,-5.74,12566125.0,5.67,-25282051.0,-11.4,6119298.0,2.76,6596629.0,2.98,56.0,1.004,1.006,1871293008.0,1882520766,1882520766,2026-08-24,2026-08-24 11:53:56+08:00
589260,科创芯片设计ETF国泰,1.17,1.1686,-0.12,-0.064,-5.19,33308.0,3962785.0,1.234,1.234,1.162,1.234,5.83,6.04,1.14,84.23,10408.0,22900.0,-644724.0,-16.27,54348.0,1.37,-699072.0,-17.64,279994.0,7.07,364730.0,9.2,90.0,1.169,1.175,55156000.0,64532520,64532520,2026-08-24,2026-08-24 11:54:06+08:00
588410,科创创业人工智能ETF鹏华,1.126,1.1273,0.12,-0.062,-5.22,38327.0,4403992.0,1.224,1.224,1.123,1.188,8.5,3.51,1.97,65.4,15051.0,23276.0,-2015794.0,-45.77,-2003124.0,-45.48,-12670.0,-0.29,675369.0,15.34,1340426.0,30.44,-5.0,1.126,1.131,109250000.0,123015500,123015500,2026-08-24,2026-08-24 11:54:09+08:00
159363,创业板人工智能ETF华宝,1.19,1.1911,0.09,-0.066,-5.25,7999148.0,970847653.068,1.254,1.257,1.187,1.256,5.57,13.93,1.37,47.66,3238211.0,4760937.0,-57928703.0,-5.97,-5804992.0,-0.6,-52123711.0,-5.37,15615972.0,1.61,42312736.0,4.36,131.0,1.189,1.19,5742169856.0,6833182129,6833182129,2026-08-24,2026-08-24 11:53:45+08:00
159139,科创创业人工智能ETF华泰柏瑞,1.176,1.1807,0.4,-0.066,-5.31,467774.0,55429159.0,1.24,1.24,1.174,1.242,5.31,24.87,2.55,-21.84,308192.0,159582.0,-3757475.0,-6.78,-5463499.0,-9.86,1706024.0,3.08,2038125.0,3.68,1719351.0,3.1,-7.0,1.177,1.187,188109210.0,221216431,221216431,2026-08-24,2026-08-24 11:54:09+08:00
589170,科创芯片设计ETF鹏华,1.012,1.0145,0.25,-0.057,-5.33,35787.0,3701341.0,1.064,1.083,1.008,1.069,7.02,2.47,0.95,-40.45,13192.0,22595.0,-914091.0,-24.7,-823117.0,-22.24,-90974.0,-2.46,178274.0,4.82,735818.0,19.88,-108.0,1.011,1.019,144909000.0,146647908,146647908,2026-08-24,2026-08-24 11:54:04+08:00
589350,科创芯片设计ETF银华,0.722,0.7222,0.03,-0.041,-5.37,187360.0,13746414.0,0.76,0.762,0.717,0.763,5.9,8.28,1.45,14.74,50548.0,136812.0,-4877096.0,-35.48,-1138006.0,-8.28,-3739090.0,-27.2,2917875.0,21.23,1959222.0,14.25,3.0,0.721,0.722,226281500.0,163375243,163375243,2026-08-24,2026-08-24 11:53:45+08:00
588070,科创成长ETF万家,2.126,2.1318,0.27,-0.123,-5.47,42248.0,9197865.0,2.249,2.249,2.118,2.249,5.82,10.45,1.14,-18.83,15392.0,26856.0,-1897698.0,-20.63,-737783.0,-8.02,-1159915.0,-12.61,965527.0,10.5,932169.0,10.13,-18.0,2.137,2.15,40437000.0,85969062,85969062,2026-08-24,2026-08-24 11:53:46+08:00
511910,融通货币ETF,,,,,,,,,,,100.008,,0.0,,57.53,,,,,,,,,,,,,,99.998,100.005,78500.0,7850628,7850628,2026-08-24,2026-08-24 11:54:03+08:00
511670,华泰天天金ETF,,,,,,,,,,,100.004,,0.0,,4.39,,,,,,,,,,,,,,99.999,100.001,133100.0,13310532,13310532,2026-08-24,2026-08-24 11:54:05+08:00
